3.472955884452306208e+01,1.155131993878478269e+01,4.097970490449775838e+01,1.111164909862883263e+02,1.844131042702335890e+02,3.528054923565085943e+01,-4.903352092955805119e+01,-1.775994372046096430e+02,-1.068614690334702999e+01,-6.579580907752198016e+01,-5.319752550971143137e+02,3.793408930716124416e+01,8.469299751675629295e+01,2.090462352940022228e+01,-1.682711292836288663e+01,3.353924154841473637e+01,-4.226213842546090973e+02,1.810823983647566422e+02,8.726578528313693539e+01,1.121541625794300359e+02,-3.528553256864178422e+01,1.702195335997201653e+02,-2.039908731322713464e+01,1.671874050506834308e+01,-6.436050466855441243e+01,-2.399151438472579656e+01,2.106188633339868588e+01,9.159602912210223735e+01,-6.980346454051800720e+01,1.486298894515000484e+02,-9.179192733782711855e+01,-2.441197490292545638e+02,2.364618743138755974e+00,9.614917388240439777e+01,-7.611464574762456081e+00,6.949729776728798925e+01,-9.177031801616545081e+00,-1.818461889899085122e+02,-4.717314688442425563e+01
5.120333968533826408e+01,1.661604114549760070e+01,1.497463236059437897e+01,1.553383774196771014e+02,1.821161967090490919e+02,5.913398334731896711e+01,-3.835579633808946909e+01,-1.819540926925815256e+02,1.410012813409949928e+01,-6.915619725474357438e+01,-3.676271107997299055e+02,4.218712629761132860e+01,7.537916404770254530e+01,3.597367666948983356e+01,-3.164873464147623849e+01,3.077272869896546581e+01,-3.113060132342886845e+02,1.529914055428880033e+02,6.507323672921316415e+01,6.398562724937796276e+01,-6.329232795342712592e+01,1.430285383923937843e+02,9.275831288630120852e+00,3.173115118335805107e+01,-2.278985894228578957e+01,-1.008978499988996447e+01,4.735471522456389692e+01,1.084747854813723222e+02,-4.543256566916603134e+01,1.370496910332633149e+02,-4.204570249701311724e+01,-1.953046021229225744e+02,-3.430447801843166644e+01,3.631911259900800815e+01,-9.386818306601462325e+00,7.821687767570702476e+01,-1.386040894731451090e+00,-1.540625838429745329e+02,-2.610514300653201403e+01
5.265347851749001507e+01,1.513883757693707643e+01,6.855012341729826630e+01,4.644007683576094081e+01,9.114014604848441081e+01,-6.255396836127821381e+00,-1.080905381602664619e+02,-2.002255824414535255e+02,1.126036757740808980e+02,-9.152296124831032387e+01,-3.191736694343623526e+02,7.202846882114285165e+01,-5.496662730455663848e+01,5.167329865967935199e+00,9.148987446613920937e+00,9.355848770034869588e+00,-1.747300637404272550e+02,1.617170033420739799e+02,4.140517266248327388e+01,3.769890821046091389e+01,-5.426716198376411171e+01,1.248734182702789894e+02,-4.212757862558697042e+01,9.507202675767807420e-01,-3.731350242034424980e+01,8.028101985477558600e+00,3.897612092158495045e+01,2.858795473617706406e+01,-7.450165750850686663e+01,1.067979075523150811e+02,-1.795380683827179666e+02,-1.825443172677487382e+02,-3.441557740244718389e+01,7.153457451980909809e+01,7.665569863558019392e-01,8.388664037166013543e+01,-1.244040152655626130e+01,-3.331477094874195188e+01,2.797081492657045843e+01
4.554186345600552244e+01,6.215974240828348041e-01,1.212424644949009718e+02,-3.659065792539293227e+01,-1.936596272495012627e+01,-5.752076270954390225e+01,-1.226644046024469930e+02,-1.996854804352430790e+02,1.659660799578487342e+02,-9.087765425653262241e+01,-1.995035275569619841e+02,7.459694390165516609e+01,-1.369894832282515154e+02,-2.376881882898830511e+01,4.930512925640691435e+01,-1.981899425342635368e+01,-4.874116939091832990e+01,1.293456310882406797e+02,2.795089541569574010e+00,2.436040402400267268e+01,-3.585676292028668399e+01,9.893065860695743652e+01,-7.288398397396508699e+01,-2.968720652926818815e+01,-5.848160719291765020e+01,1.194498161959748295e+01,1.046899714565748596e+01,-4.957125887405837972e+01,-7.324647188753509397e+01,1.011279967442511349e+02,-2.042008790159437979e+02,-8.017556923825540593e+01,-2.837577742558415395e+01,9.799867649605863562e+01,-2.095956756199762516e+00,4.331422937258172823e+01,-7.766938700290078046e+00,5.456269177305222229e+01,5.403050082034039292e+01
7.201474842400848786e+01,6.365527818895145629e+00,1.664162651455823436e+02,-6.092289048669233864e+01,-9.741435497071223892e+01,-6.945526148382153053e+01,-5.379983566041566689e+01,-1.742798787430169227e+02,1.436131090097578067e+02,-2.361626539771338784e+01,-2.637975281484649486e+02,6.353883525908675267e+01,-8.724773496513998339e+01,9.047525691467871667e+00,2.756624007576159840e+01,-3.922250600568770551e+01,-1.518562645953414858e+02,1.167612628757762820e+02,6.357423335578980783e+01,9.482167965868866588e+01,3.358972764304555625e+01,1.111284100984302370e+02,-1.607965764548890206e+02,-2.726576298864588566e+01,-1.469915660283944590e+02,1.774663343037828156e+01,1.376360462298873344e+01,-7.151597398060094690e+01,-4.487414503907041308e+01,3.812347351002820517e+01,-3.266803914069946302e+01,4.454728991570299002e+01,-3.736112087507815716e+01,5.164561080725916753e+01,-8.030663649730394482e+00,-1.195208805209639635e+01,1.269617541095115598e+00,7.629500361623807692e+01,4.069982729323615445e+01
6.059201564913365701e+01,2.950037537029442092e+01,1.687253753815453194e+02,-2.316264310084870104e+01,-3.502255819470641995e+01,-5.285314575332586173e+01,2.164670309090220002e+01,-1.410069288189369843e+02,9.647497994908999885e+01,1.739890335293306123e+01,-2.536119767507650522e+02,6.311987922540158991e+01,-3.090543022505665149e+00,-2.923533336586508380e+00,7.935068200315845388e+01,-2.214031096377061658e+01,-1.716646244725315285e+02,7.278753798653102081e+01,6.553525654211672702e+01,4.964655752904366892e+01,6.387053579148370019e+00,2.535312115180856551e+01,-1.964058369587999948e+02,-3.063471126059206995e+01,-1.800185868814408536e+02,2.162109347941066417e+01,1.244295092924018675e+01,-6.801885586849293475e+01,-3.595643745264256097e+01,-4.637274909834808767e+01,3.054709049739039628e+01,1.841768807514876372e+01,-1.116327454547520404e+01,6.072086375036843009e+01,-1.571894358494449229e+01,-1.005422754498700471e+02,-1.367249426550823799e+01,6.901049367667899048e+01,3.460700841188995014e+01
6.242200789170009756e+01,4.171462642907937379e+01,7.711202671123538721e+01,6.165013816556817972e+01,5.610365192349388508e+01,-1.479286335803310060e+01,8.599660394373867689e+01,-1.320338534291991266e+02,2.027552469028569249e+01,9.877134602754622961e+01,-2.211590227583470778e+02,8.748072545504716402e+01,1.048920861420643718e+02,1.483117077378372350e+01,8.142806852058359368e+01,2.961868275897074909e+01,-1.746669947603649860e+02,1.031429521658388779e+02,1.549045033976270247e+02,-2.007480475954712418e+01,-8.659930332695631705e+01,-4.515528662855297171e+01,-2.485321723229309896e+02,-1.878409487324765692e+01,-1.838685376215789233e+02,3.278841014407276333e+01,4.720007642477711585e+01,1.749040967544443959e+01,1.199679822876262847e+01,-1.359118880467914323e+02,1.538762037101298290e+02,1.382528209676913278e+01,-7.218690425399219635e+01,4.374651354458306685e+01,-2.557949040081632219e+01,-1.343202186143513472e+02,-3.241670433364105719e+01,5.410242370971238302e+01,-2.668836447066921469e+00
9.632127478590385650e+00,4.731673245363100477e+01,-1.939834716213851351e+01,1.500385469319583649e+02,1.885792467093517075e+02,3.082078269807741222e+01,1.517152695724958278e+02,-1.051534350672961438e+02,-4.058507427406394186e+01,1.147127556261035153e+02,-7.476963857773611721e+01,7.260854668857753325e+01,2.070850121914534725e+02,-2.460665462894223410e+01,1.494893158058170570e+02,6.472457860210204217e+01,-1.607406302839865475e+01,8.301595192119499700e+01,1.160890717418225648e+02,-1.746000826611312107e+02,-1.993674060868446247e+02,-1.715362827825475449e+02,-1.822591489242454372e+02,7.439225934542797347e+00,-9.944239899532142601e+01,2.731317337252037447e+01,2.381877917585865490e+01,7.160473435735327996e+01,3.303230890737013681e+01,-1.175111712866027034e+02,9.526934194666532107e+01,-5.495222691651428626e+00,-1.023104418773536679e+02,1.048993128175190321e+02,-3.222633539029334315e+01,-1.581906421385561146e+02,-4.979920397805824450e+01,5.324824963750656082e+01,-3.061237832412237481e+01
-9.722903879078074851e+00,1.034038644269549145e+01,-5.300609915039297704e+01,2.896509849559014356e+02,2.460143935865422407e+02,6.359885438234476140e+01,2.166431465508662484e+02,-1.065640800007155917e+02,-7.109991349840026942e+01,1.084004331264512757e+02,-3.820275084528867637e+01,1.041009864473473812e+01,2.842547529280342360e+02,-3.115825433547952983e+01,1.062656065668554959e+02,7.708856438639008957e+01,1.439054332271737557e+01,1.243463440104925297e+02,1.119238294033870318e+02,-2.383455878430474968e+02,-1.934937161008938915e+02,-1.873209053269679600e+02,-1.131193081422064779e+02,1.436585802806526502e+01,-6.009782822039721140e+01,3.493156870944281422e+01,2.912531032256489283e+01,1.685574969877602598e+02,6.258757253174297830e+01,-3.923945893602440549e+01,2.070668401340296327e+02,1.340036228605304558e+01,-1.439996022494390502e+02,8.573867744972373828e+01,-7.061891309935148797e+01,-1.622350295712757600e+02,-7.040313336662248389e+01,9.034655449981069353e+01,-4.861847779282388160e+01
-4.778408377613644831e+01,-3.812706939735608103e+01,-2.567173338670718152e+01,3.887505243155773087e+02,2.579305126194369109e+02,5.970793453378218629e+01,2.859612732601381708e+02,-7.928619310160314626e+01,-1.065288259910541626e+02,7.826414291426098657e+01,-1.546971046469251121e+02,-7.761694290412302166e+01,3.558778092233827124e+02,-4.427352243806437571e+01,4.966534677714197699e+01,6.924918331140270311e+01,-1.281913537283979281e+02,1.614300899818606752e+02,8.407796010067171721e+01,-1.738705679733873808e+02,-1.229966720165869134e+02,-1.367910127054501572e+02,-3.322488415273789997e+01,-1.560723542563697208e+01,-8.259117790283173122e+01,1.220787370528144322e+01,-1.283316759457910727e+01,2.202282101289836760e+02,6.338835889877053376e+01,6.195619832998696808e+01,2.344814833318053502e+02,2.562569132273928219e+01,-9.725306055479492784e+01,5.242581225041099913e+01,-1.189270559590564744e+02,-1.875589482222917468e+02,-1.053603517561898713e+02,1.106621210312727612e+02,-5.488941367532376603e+01
-1.150698911048299600e+01,-1.186846244536991080e+01,6.247989755609386719e+01,5.134625442755153699e+02,3.194200521682211047e+02,7.959311674138197645e+01,3.722048638399435276e+02,-6.679481647265485833e+01,-1.171367466279179048e+01,6.770128993755593072e+00,-1.779702721336489049e+02,-1.448717243415241853e+02,4.086308953088841918e+02,-1.743890785488333250e+01,-4.283511208534109471e+01,5.096266519393681804e+00,-2.236804037245015024e+02,1.193468091218972944e+02,2.790285249833045356e+01,-8.681683605520008484e+01,-1.660816770459389602e+01,-1.034746970086844158e+02,1.973599086667939773e+01,-8.333189623041835858e+00,-9.935923204190191882e+01,3.061090958538284212e+01,-1.012136073402381520e+01,2.252994366720760127e+02,2.024359674796866315e+01,3.822762100750927061e+01,2.234202865480648654e+02,3.051902275518042629e+01,-6.603517285169066042e+01,-9.296592123110193029e+01,-1.542639059024392054e+02,-1.983327760109658868e+02,-1.451155173822327242e+02,1.855751075314374816e+02,3.237481737267526682e+01
2.466048334067919345e+00,-1.417611472426818509e+01,4.876655949370786658e+01,4.933825872126059835e+02,3.488341757173395763e+02,4.256480225479047874e+01,3.557939958079303437e+02,-7.295468439264647031e+01,2.279247908049162774e+01,6.569780338839620093e+00,-7.566120313477607340e+01,-1.300143823312885445e+02,3.535152637971912668e+02,-2.693417063927515454e+00,-1.339809516552384139e+02,-2.206945360025143188e+00,-2.534572295240026847e+02,1.413300085601419198e+02,9.284323574616682606e+01,5.782946329564789067e+01,-1.355243594865875956e+01,-2.065851428662044498e+01,-7.183341151197343954e+00,-4.618153409842428658e+01,-1.036401322987280480e+02,7.868198679606042134e+00,-3.027293457688287504e+01,2.136353807746193638e+02,1.561844443944057481e+01,-5.121343946058747321e+01,1.389994593038034338e+02,7.251195677843763576e+01,-8.246778008327582654e+01,-1.610913503521516361e+02,-1.743981099392129863e+02,-1.711201178957154241e+02,-1.821155466477431446e+02,1.538430038220949143e+02,4.110219949437421860e+01
-1.450686895998695647e+01,3.518139014427793310e+00,4.593966754459480484e+01,3.354238721395067273e+02,4.047210112681944452e+02,-1.962678930960387902e+01,2.667973968403958906e+02,-8.291844806733563189e+01,7.826443294791152994e+01,-2.887863135308130680e+01,8.153970348520742562e+01,-8.646908035268833714e+01,2.059807979825399400e+02,-5.700866363950558480e+01,-8.404856455275711369e+01,3.204115246178107057e+00,-1.009584230970427683e+02,1.033112340771470485e+02,7.823653968757665211e+01,8.078871949270235575e+01,-2.749795110483105987e+01,-1.551796257068414597e+01,-1.753060985244531622e+01,-6.090805665820718673e+01,-3.677265416443196955e+01,-2.155066678715646589e+01,-9.272683379702377238e+01,1.179987400463710401e+02,-4.401641656322454565e+01,-1.178502202182144600e+02,-1.296878586572886434e+02,-1.067526242226540489e+01,-4.871122145742747023e+01,-4.795449559084838143e+01,-1.471963037641867800e+02,-1.329910407789420219e+02,-1.853529146399754666e+02,7.071235674950096950e+01,3.699180473750183751e+01
1.293408800741369902e+01,5.164294426712727759e-01,4.049783442180669368e+01,1.774244455664373845e+02,3.520884729309044587e+02,-4.413400227411530352e+01,1.912530042513040485e+02,-1.038665177823221057e+02,6.690915034224545366e+01,8.355316559297612855e+00,1.144646824668136134e+02,-5.556677303225072961e+01,7.327446825802807950e+01,-4.280385353616414790e+01,-9.695711429935840897e+01,2.681712471992040037e+01,-1.446060939992397465e+01,1.103556707770033825e+02,1.466322951214707189e+02,1.058360125451271898e+02,4.865992346069461405e+01,5.275187194995133666e+01,-5.903578871739200196e+01,-3.343118294212275465e+00,2.101331070463553274e+01,-4.085752933221883865e+01,-9.856010102214877122e+01,8.547057892089598852e+01,-4.723946015043659230e+01,-1.506341453712479961e+02,-8.649700285045855708e+01,-2.580116219168375835e+01,-7.930318393078249528e+01,3.052360265898030889e+01,-9.983862057602669893e+01,-5.635950692249721072e+01,-1.337239892205776641e+02,-5.142843141466020995e+01,-3.340623659624750985e+01
5.330910856271968257e+00,1.964431580025070012e+00,4.456590038722907110e+01,4.212955304461635819e+01,2.166125629068237401e+02,-4.501197299947111219e+01,1.265332286799297634e+02,-8.967103388022991339e+01,4.955567376690770942e+01,-6.252375374361799132e+00,9.542787993299342020e+01,-3.551248175018773168e+01,-3.995731824294609424e+01,-7.192459744227112139e+01,2.826022590958985603e+01,4.147196497151492167e+01,1.018309389596028041e+02,2.268306973558122763e+01,2.277058321518166650e+01,-1.518771358163131957e+01,5.729192040176499034e+01,9.499501352528627152e+00,2.319041968387340802e+01,5.862009854123083841e+01,9.594894922227734924e+01,-5.844934401626396436e+01,-1.292501336677265158e+02,1.652128834587180961e+01,-7.412374507182066452e+01,-4.834898096949990531e+01,-1.485986810839267775e+02,-1.075453682994817370e+02,1.513001506851890099e+01,1.454977137220128327e+02,-3.337924722430068414e+01,-3.848645135397883621e+01,-5.088331402018932437e+01,-9.460711908937543058e+01,-4.645177734762691557e+01
4.985328080136936535e+01,1.297779412304073565e+00,3.220810360934957117e+01,4.171152583183662443e+00,4.276788114664711316e-01,-1.321613305081639034e+01,8.491804854824493987e+01,-5.567508878916774506e+01,-2.277483515090130695e-01,3.949365821679235466e+01,-2.202173143712144210e+01,-1.560743717975637779e+01,-6.808573353334958256e+01,-1.875689351892340184e+01,-7.119065279602958540e-01,1.509719141413239818e+01,2.882870889145729620e+01,-5.483407515700914558e+00,6.439289342297334073e+00,-2.234761840265596433e+00,7.766251194859138707e+01,4.411028777982967597e+01,4.491324767851221367e+01,1.048320697077360677e+02,7.971618561020639504e+01,-5.141011256446824973e+01,-8.564193418197353935e+01,-1.152057768521975056e+01,-4.801829044837557348e+01,1.769401326793751039e+01,-3.867712884249415950e+00,-6.031220278266068391e+01,4.606370719686946558e+01,1.018655819890740020e+02,1.076155370121395727e+00,-2.159620638572605245e+01,1.960436953896568824e+01,-6.345949059355610444e+01,-4.840673639702376363e+01
9.171370664640755876e+01,2.617707879855920083e+01,1.002312411849942038e+02,-4.450856423973327480e+01,-1.296442622475340158e+02,-3.230858008003956883e+01,-2.401960254631302760e+01,-9.152089596786989745e+00,3.376958070476501206e+01,1.177565873512557459e+01,-2.407982290393692040e+02,8.673368449538513048e+00,-1.036040202806830024e+02,-8.337309537374471446e+00,-5.268319017673665172e+01,-7.718975348728559993e+01,-1.362623490619923246e+02,-8.180128957978093140e+00,7.380070708777372701e+00,9.099740756695918265e+01,1.342027459226284805e+02,8.151935984644504174e+01,-8.253259300453700931e+00,5.733499438730540021e+01,-1.679352948300766002e+01,-9.991596272535799628e+00,-3.532661585932843451e+01,-1.244009970185411049e+02,-1.068733248355427037e+02,1.741873540318793445e+01,-3.832854386830051396e+01,-1.475269057648006878e+02,1.206622412466590362e+02,1.049714657541528737e+02,7.025075156620310679e-01,-3.279441290279907406e+01,2.833255596681085819e+01,5.364239132304713564e+01,1.951746984805080487e+01
9.863254535965972991e+01,3.207756008152291116e+01,5.726295853287698634e+01,-5.678975085691303093e+01,-1.897419946135500197e+02,-4.704818017601233038e+01,-1.559129769894012725e+02,6.254125338421040681e+00,1.085167604095376106e+02,-5.342684087330080445e+01,5.032571952739493781e+01,7.099755229564996739e+01,-1.947608003197418043e+02,-2.578923317101896373e+01,-6.418228073383781407e+01,-1.353740654771119125e+02,3.552770595176755108e+01,-2.507280875525452046e+01,-8.570721727731930528e+00,4.416227452165401957e+01,3.002633845707049787e+01,3.355359050189439074e+01,-4.539326128991501008e+00,-3.566957095085105323e+01,-7.397239558608448284e+00,3.551695448956363776e+01,1.722427311219432511e+01,-2.110687931606776715e+02,-1.030098880992991042e+02,-7.278536284606643036e+00,-1.691020495112005051e+02,-1.418773024952348294e+02,9.947502490137792108e+01,7.516764971076987933e+01,-1.812380478017758278e+01,-2.453319241790192606e+01,1.004238834681326153e+01,2.071143797399514881e+02,1.042204015897199554e+02
6.234510995641919351e+01,1.495918384038322735e+01,5.692435519919728648e+01,-1.650226486019711558e+02,-2.110138533220366810e+02,-8.839601326297777462e+01,-2.501465029894284271e+02,3.874107492339213366e+01,1.110987345046961963e+02,-8.906978458523627751e+01,7.668603591158856148e+01,8.806598677526963570e+01,-2.280789951790680163e+02,-3.135447706691800107e+01,-8.060006630404319594e+01,-1.519677606710938562e+02,1.709120748931643163e+01,2.740246260436766690e+01,7.473287353871572236e+01,9.276535612001607944e+01,7.236513313277657744e+01,6.343736469759613783e+01,-6.390077716402841190e+01,-9.835501954825416249e+01,-4.457071169795409560e+01,4.103662956276959761e+01,2.001274578310813723e+01,-2.616637854859067716e+02,-9.538175644205212222e+01,-5.571380345199865047e+01,-2.409517351204323461e+02,-1.707021864086312064e+02,8.543423675100142134e+01,9.739898718283053825e+01,-2.604714317570233462e+01,4.503697667322341225e+00,-1.562868070468772075e+01,2.141704265980571051e+02,1.044290927192032257e+02
1.969562265487136443e+01,8.943669130901023223e+00,6.041092098643884611e+01,-2.408531933547674271e+02,-2.471503157001422437e+02,-8.649515261159092461e+01,-2.579676230042571206e+02,5.558490773910936866e+01,1.433966842982543710e+02,-1.464787541835762283e+02,7.554324307506423963e+01,7.286267712780201578e+01,-2.159109886917350991e+02,-3.580035552831235179e+01,-8.609221388784016327e+00,-1.371508523896721385e+02,3.800953927957256440e+01,-7.913513138700398741e-01,2.436107190889073948e+01,2.108376245564324591e+01,1.086952031180089620e+02,2.413268361482808544e+01,-3.413333860277329279e+01,-7.361256081863032819e+01,-2.874172202595801551e+01,4.558914062141474943e+01,5.987322446132081311e+00,-2.361518809249823221e+02,-7.908412403437091598e+01,-6.138548513387483752e+01,-2.614947525369196342e+02,-2.212903057546686227e+02,1.163488122692182003e+02,6.528779720608112314e+01,1.151758180448490876e+00,1.701002748533355913e+01,-3.867083705097059898e+00,1.898388831969982675e+02,1.465840121497096504e+02
3.776110453883258611e+00,-1.195701105708649337e+01,4.121960152731448801e+01,-2.814545388547350058e+02,-3.562795126967785677e+02,-6.558145130069861750e+01,-2.174911112692101369e+02,6.818481475366019140e+01,1.227737217963164511e+02,-1.196176524908252503e+02,-1.100658017878121058e+02,3.280373578169766802e+01,-1.451943690402539175e+02,-8.572081092681981929e+00,-2.773627520168900062e+01,-1.205724426320680891e+02,-1.188968396352951942e+02,-2.378621772301455550e+00,7.129410778778411562e+00,8.061563576632183015e+01,1.584234063943915203e+02,7.112367371436724284e+01,-3.128861462222444345e+01,-1.084097231102728465e+01,-5.335206279043035238e+01,3.706903871224119484e+01,2.682621685546668910e+00,-1.258128429893061764e+02,-2.814409007338373669e+01,-6.716861340959734150e+01,-9.432039541204078148e+01,-1.923091987940014747e+02,1.385115170782970324e+02,-3.617155372794569246e+01,3.108593343255972030e+01,2.161751316000477985e+01,3.131901892267767806e+01,9.676465305161002561e+01,1.609071529263081004e+02
1.118530151840782594e+01,-1.863866815726867188e+01,1.708033836806905725e+01,-2.876451963562747096e+02,-4.407684336002615737e+02,-5.288254913144444913e+01,-1.943505496707433053e+02,7.678506422390671560e+01,1.206695440626822489e+02,-7.879035718416849932e+01,-2.857885826197053234e+02,-4.738028680378502777e+00,-9.664950358971282185e+01,-2.356145728288650076e+01,-8.914186855765832718e+01,-1.493273784129338537e+02,-2.806084388144254262e+02,-2.241711978443175823e+01,-3.855729889729779103e+01,2.142151875461178179e+02,1.665514472409518305e+02,1.323225508170885973e+02,-4.423148169775966210e+01,1.711760338670862325e+01,-8.141162687879742066e+01,3.946921427119256975e+01,1.606349047891297399e+00,-5.056309659572927018e+01,-1.911421236260358469e+01,-7.416823352762963850e+01,-1.565391493690812208e+00,-1.499017360368876268e+02,1.685009720797074522e+02,-9.365965568777284034e+01,4.897990040181320381e+01,1.466480464472095946e+01,6.025321288404244058e+01,2.652655461320852126e+01,1.811926234492787273e+02
6.484034300224851677e+01,1.776165306357945539e+01,-1.508363320332046875e+01,-2.126993532447809514e+02,-4.281730209287548519e+02,-1.191249817440195535e+01,-1.535857460878026188e+02,5.435637340791146244e+01,1.844395955135173040e+02,-6.118754727172508012e+01,-2.215875731338410048e+02,-8.584137934872611453e+00,-8.605789162426060557e+01,-5.104400165869463990e+01,-1.346100725270371186e+02,-2.123141283845574776e+02,-2.576098631204449134e+02,-9.826588925224031357e+01,-1.186094860829469013e+02,2.547524216877254730e+02,1.217679352610732337e+02,1.154919832233889565e+02,-4.225131447580646693e+01,3.474569414210915141e+01,-4.438110371469748117e+01,8.179867976443208022e+01,3.662353467189544887e+01,-3.557304146709899584e+01,-5.356076358816572736e+01,-8.662566032817562700e+01,-2.322771752902242781e+01,-5.225539470438657474e+01,1.334642864881094226e+02,-1.250080964969298236e+02,6.362494235736232184e+01,4.662440137381995697e+01,8.047874829945497765e+01,6.799063855150384938e+01,2.141299365483086774e+02
1.002969150782508905e+02,2.823783005019386039e+01,-5.146972747247217939e+01,-1.130046480331302234e+02,-3.494490849143335254e+02,4.809774750755583028e+01,-6.897314796474090315e+01,4.914800889615243307e+00,1.612968897107741952e+02,-2.563982921994841568e+00,-8.144442333079254581e+01,1.669177096047500086e+01,-8.228303659099235290e+01,-3.610328510918733969e+01,-1.559611756043703110e+02,-2.123274608425979864e+02,-1.896889642821798816e+02,-1.309320593363634373e+02,-1.085614096930377173e+02,2.168215837605405341e+02,1.006909653779621578e+02,8.067211870590433875e+01,-4.697340723753707437e+01,5.224880245401609358e+01,2.469742244621547655e+01,1.048035024485561877e+02,8.482794671727202740e+01,-1.375624319057383893e+01,-6.813573806183694614e+01,-8.687670879908814925e+01,5.414160157626866088e+00,1.050848357589442230e+02,1.909812511513730726e+01,-1.122569496788042045e+02,7.215751676380448032e+01,1.299013868385294757e+02,8.228460372422152602e+01,1.124883374344256310e+02,1.411058913749476176e+02
6.394311435355307083e+01,1.544842272036437514e+01,2.396714332571464823e+01,-7.705773142201502424e+01,-2.209804088658947023e+02,8.580259858379324100e+01,3.535066019248628066e+01,-5.244911547190356771e+01,7.398346846408303179e+01,3.111216307140154669e+01,-2.386972543817358030e+02,4.634300204089843334e+01,-6.146462190356821509e+01,-7.953231865576915638e+00,-4.302768526182973119e+01,-1.478003759748496577e+02,-2.505929715526175698e+02,-1.430882087840809334e+02,-1.078632495538606406e+02,9.488574770341153908e+01,1.779742648527596032e+02,6.280953999559956813e+00,-4.765937623669306333e+01,8.271757581045712016e+01,5.527681187077069325e+01,9.603399178097674849e+01,9.461741477248172316e+01,-1.160964856384048183e+01,-1.406690679167589622e+02,-5.125191042024319898e+01,-9.521256774227694564e+00,7.500952397417763962e+01,-5.519869685148240279e+00,4.793251391086869262e+00,9.350188145059205169e+01,1.964571884057248212e+02,6.439755658110036052e+01,1.260762899869694280e+02,2.857155813017268287e+01
-6.300248645635556244e+01,-7.908464745816387165e+01,2.107346417911647052e+02,-1.701974704057923873e+02,-1.109377979215154113e+02,3.098202828784074470e+01,4.922677333489602347e+01,-8.923039386179895871e+01,-1.466863786749633505e+02,9.905946768552801984e+01,-8.786868725868513366e+02,4.897615573192806693e+01,-3.759640056415187814e+01,1.783953680554616028e+01,3.640005202392965344e+01,-3.649739603714760960e+01,-6.394735974627973292e+02,-6.407566652541362373e+00,1.862130719807599988e+01,1.839317881537075436e+02,3.972481986787006463e+02,8.672082879518477228e+01,-1.450603433039082404e+02,6.131832712584817102e+01,-6.162199491191078238e+01,2.564764714407271384e+01,5.308837696342776269e+01,4.247002628871777929e+00,-2.314037920677000955e+02,-2.454982973237903821e+01,7.495955587243264517e+01,-1.641081196255543944e+02,7.954272212350218751e+01,2.326457405210697971e+02,8.697962941758315480e+01,2.028586428068580574e+02,1.100396322240137970e+01,-2.931558718635636041e+01,-1.624208352037852023e+02
-9.899748390917679330e+01,-1.016015146653295318e+02,2.437454043111583815e+02,-1.091529448635432402e+02,-6.051990390590299285e+01,4.248700333727163070e+01,3.677795186324422616e+01,-1.464434526751329315e+02,-1.502114411052469620e+02,8.151518598729623477e+01,-8.281598517670558977e+02,1.042011341223644934e+02,-4.694821613590849552e+01,7.419346192782280980e+01,1.489738181458822623e+02,2.426438321005031185e+01,-5.030742108348327406e+02,-2.757652744866797434e+01,-4.623578956729082279e+01,5.545857263392645820e+01,3.302303294999478567e+02,1.808598582250170139e+01,-8.993316937596979699e+01,1.042683127759706849e+02,-3.924815869302086213e+01,3.829498264744749747e+01,8.941493428330193183e+01,5.880249026143003022e+01,-2.367691774011331063e+02,-8.172108127986556170e+00,1.307388661242190722e+02,-2.392723246624419744e+02,8.698534073002127798e+01,1.869512731444672227e+02,9.910408463057636652e+01,2.070975479554706169e+02,1.822420339948782697e+01,-2.254986348220501924e+01,-1.344663024104129647e+02
-1.466763751576445145e+02,-1.491103409327151041e+02,2.212803165646875527e+02,-1.586480115095515373e+02,-4.229478056792693508e+01,-4.624623350580746717e+01,-1.021018837768941410e+02,-9.678975960474539875e+01,-2.417126094187586318e+02,1.056426073909262442e+02,-8.442668136959166532e+02,1.086975508564853214e+02,-7.921477748570414690e+01,8.048512485208897260e+01,9.034930535681739627e+01,5.669834116983042804e+01,-5.038674484785452705e+02,8.277553708271290134e+01,6.897207850748314684e+01,2.508488729051815653e+02,3.134848697500638082e+02,1.576026759258155892e+02,-1.385267025837848962e+02,5.384935887707769098e+01,-1.089576933556261764e+02,1.622779690849681877e+00,6.298334956569546961e+01,5.696523538504573025e+01,-1.966896252800362390e+02,-2.278600078465647982e+01,1.301317501487846187e+02,-2.582482576622522288e+02,1.089538136912326536e+02,2.242184618102587592e+02,7.277141064734244935e+01,1.955161524095420873e+02,1.980407776791641439e+01,-1.811106170417768624e+02,-2.030359663719354160e+02
-1.720749646062104148e+02,-1.611141423313029861e+02,-1.331669926678999261e+01,-9.460800653196011467e+01,-4.832291438932647054e+01,-8.195453457263872110e+01,-2.145670598359768917e+02,-1.171561746299280315e+01,-2.615088989192564100e+02,6.499453878808583340e+01,-3.228303809719706408e+01,1.264208837795348188e+02,-1.774738178909887552e+02,3.740031790396241718e+01,9.553259010576358889e+01,1.132033767974452303e+02,5.975407391786114886e+01,5.792895267953222316e+01,2.891369198983094080e+01,1.535692527176566955e+02,3.987983962035411878e+01,1.267364853741976560e+02,1.208783761836119908e+01,-4.390460914271045567e+00,4.051442438791978873e+01,-2.623482309384353073e+01,3.324018818640273309e+01,5.527410537870008511e+01,-4.233852325705654351e+01,2.385401422573091068e+01,-3.523257181040877128e+01,-3.654049169752475024e+01,5.451935381550537585e+01,1.841959855496498903e+02,5.142386652180071849e+01,1.864603559348003330e+02,6.600830414427015569e+01,-2.315819030687020188e+02,-2.263495222675947502e+02
-1.701079466646633875e+02,-1.385508080718917370e+02,-1.259353717743208847e+02,-9.916048320063862320e+01,-7.271314823306065023e+01,-1.220208864745058150e+02,-2.195815164993287283e+02,1.218965619039285997e+02,-3.311046317268833263e+02,6.441803325007938952e+01,2.950206856084569154e+02,8.610810953176563487e+01,-1.624050045510518032e+02,4.042671901070884388e+01,2.440444259335026445e+01,1.535553273961431842e+02,2.345066906112269578e+02,7.667366699389107509e+01,1.060682752549347612e+02,1.593083869681732949e+02,2.881642020388601821e+01,1.674470502964708771e+02,5.449269040060270441e+01,-2.523513418063237523e+01,1.003221456156796449e+02,-6.632913687345154585e+01,-2.714238087154219770e+00,2.746854613916877241e+01,6.188609291852237959e+01,2.628767958328807808e+01,-8.629471309562171655e+01,1.622727947576191525e+02,2.566598730597057809e+01,1.895979083071996456e+02,4.234106544365793923e+01,1.809527525465627775e+02,1.107714747804861446e+02,-2.929259008447124302e+02,-3.164257998534296235e+02
-1.714503014654295043e+02,-9.747633527799423803e+01,-1.856008469512711940e+02,-8.713443748879313944e+01,-1.315779050544202278e+02,-1.086959901221619589e+02,-1.131342323588322216e+02,2.048840106335179030e+02,-3.469511012194909654e+02,6.597864290401118126e+01,5.672293623787480783e+02,6.878916778013767441e+01,-8.693202891413335465e+01,6.660381962805119826e+01,2.839683427769310597e+01,1.785165391946767386e+02,3.913357856972954210e+02,-2.301787998838296545e+00,6.542430634234278841e+01,-8.490000326398437380e+00,3.150106703295598720e-01,7.601209964308623057e+01,1.353993620924818799e+02,7.606946263374986472e+00,1.986957962589734166e+02,-8.463527555178423256e+01,-1.196691983718792862e+01,1.885686953096557517e+01,1.256054142454836438e+02,2.845795280346350253e+01,-4.915224283165686359e+01,3.412079216940365427e+02,8.011227170554064969e-01,1.390774089560140681e+02,5.766461228754040746e+01,1.465809763345150714e+02,1.531643040821189743e+02,-2.326595419098321997e+02,-3.293559861518712637e+02
-1.854922581751049506e+02,-7.693433679224129662e+01,-1.469161218724450180e+02,-9.506453800014114108e+01,-1.691819849001367970e+02,-9.262941165093386076e+01,-1.245477959278379387e+01,2.109765877715215652e+02,-3.009666803865753764e+02,8.494122925143233260e+01,6.442583595378995369e+02,7.923212779210165024e+01,-1.208157983430837135e+00,7.537665975814566366e+01,4.857900631579543216e+01,1.507916532615305414e+02,4.384880619128086892e+02,-9.446572909646097571e+01,-2.426838439938991243e+01,-1.614322026963476731e+02,-4.176678597429271633e+01,-4.381584080010820514e+01,1.680757341032504826e+02,2.965606552158395814e+01,2.458309128041611302e+02,-7.705794327474832528e+01,5.977285945626760189e-01,1.186590927414157548e+01,1.154167796233968915e+02,1.309683262029782824e+01,8.817024607504421851e+01,3.877019996894899805e+02,-8.910239284652581304e+00,8.617232754259849514e+01,6.392389066259350727e+01,7.926234274156097115e+01,1.509367159598414219e+02,-1.351230360347678356e+02,-2.686835024213956444e+02
-1.696961321236013589e+02,-6.402403704234448867e+01,-8.711228146654870841e+01,-1.279528264912657534e+02,-1.764882558156220682e+02,-9.936834168674313617e+01,4.729699177240252794e+00,1.614893067261840542e+02,-1.682115808492444557e+02,1.024908976340517910e+02,5.304394448457396720e+02,1.278852431148913382e+02,4.356322243603741384e+01,5.259388409982414458e+01,1.004288865553524346e+02,8.505504909553894777e+01,3.843704390791144760e+02,-1.471856381714180770e+02,-1.072347747085068477e+02,-2.584039721924213495e+02,-1.648859999071877382e+02,-1.556546510682920541e+02,1.327352884333918439e+02,6.646654042753240788e+00,1.976420723436884543e+02,-4.012925600561149508e+01,1.694900562690089885e+01,-1.916576910339740891e+01,5.031155354730120166e+01,2.305324586655055796e+01,1.681838023118162653e+02,3.099159452655171663e+02,-2.955872531290959060e+00,3.374562947895945086e+01,6.262039735848303224e+01,2.936593975718769656e+01,1.141111410549906395e+02,-4.105760164456086869e+01,-1.458506654747880873e+02
-1.279573465062309339e+02,-8.658380343631016274e+01,-6.039660169536463741e+01,-1.300127253534034537e+02,-1.187037138834336787e+02,-1.101237790629236883e+02,-6.243473147663303990e+01,1.084825426287683285e+02,-6.791220195140243732e+01,1.293923459545976300e+02,3.707398235797720645e+02,1.473252321957076276e+02,1.731585447404879119e+01,1.718963264245027744e+01,9.641623530271580478e+01,6.433141196169003706e+01,2.960813865496498352e+02,-7.606335387605051324e+01,-6.287296659916562191e+01,-2.606988310417367529e+02,-2.847054552551610414e+02,-1.764554511902372269e+02,5.637120550215129811e+01,-6.863592217862431255e+01,8.823381329680024976e+01,-1.922141329668521337e+01,2.682413138620385240e+01,-2.713332219071482498e+01,2.972892187380138296e+01,6.478219470961320781e+01,2.491656678743301541e+02,1.915503493651303302e+02,-3.019614522901852638e+01,5.543955926102260179e+00,2.827101477416981368e+01,1.706734799017272408e+01,4.895528498092402003e+01,-6.412921003016806765e+01,-9.829184623507244112e+01
-5.424125341271113143e+01,-3.654845510354974891e+01,-1.850314667693738784e+02,-6.839843838337642978e+01,-6.729890698261361592e+01,-2.094994263868237283e+01,-4.615051950491067601e+01,1.268722116501184587e+02,1.510522181160971478e+01,1.196365803321746171e+02,4.840773517534057078e+02,1.350361444508332340e+02,2.886589275845612335e+01,3.638358250655512194e+01,1.832012014702675060e+02,9.937653309825554970e+01,4.335787025418733833e+02,-9.337940976717169406e+01,-8.460303587528593994e+01,-4.135748793589298202e+02,-4.819674397659666738e+02,-2.986286659641885990e+02,1.206615159318883173e+02,-3.712773597516109447e+01,8.207857137980367668e+01,-1.668141668793742838e+01,7.784993826675929540e+00,-3.665306252522204744e+01,9.717545266806422433e+01,1.574116389272271306e+02,1.139143100565096773e+02,2.649103345281753263e+02,-9.016929217760488768e+01,-1.150449305675198559e+02,4.858993754450834501e+01,5.896019197279581192e+01,5.074389946570794052e+01,-8.269622197571501943e+01,-6.100258996703028203e+01
-1.280833872716068100e+01,5.360881235379813425e+00,-2.586472968849441258e+02,-9.038459317776343482e+01,-5.832886340060613861e+01,4.468308475949882563e+01,-2.507118795749983065e+01,2.011188237362586051e+02,-3.945282665847599191e+01,1.171664865153571071e+02,2.597120136918867388e+02,4.534983562306227611e+01,6.752551689336961260e+01,1.004172069460971528e+02,1.711084088105674539e+02,1.560818814603983355e+02,2.999398640961118190e+02,-2.231895026598588316e+01,2.175439753426200085e+01,-3.559100904586103979e+02,-4.232364555295917512e+02,-2.670052338389563147e+02,1.113662287346020037e+02,1.926956920883273838e+01,1.676806441511207524e+01,-5.144427083534680634e+01,-3.003970555230186079e+01,-4.474692492873523264e+01,1.608080529527806846e+02,1.778955055215325842e+02,4.507312637211811079e+00,3.148106171059552594e+02,-1.081115305850006933e+02,-1.629803832716035288e+02,8.201885047955771313e+01,8.673794331226210375e+01,7.761190301526843882e+01,-1.739308541142665092e+02,-1.203475889379750896e+02
-3.093220327979101469e+01,-2.524693303289536317e+01,-2.623166389494091391e+02,-1.300339115326254671e+02,-8.837966132125309571e+01,3.392970151879067942e+01,-1.154845755396230516e+02,1.962849538462871521e+02,-9.406332740535574999e+01,4.938079320679017314e+01,1.114860493608204166e+02,-3.357807254962018817e+01,-3.181401192145273171e+01,1.041757963403216678e+02,1.037243006684813622e+02,1.971182202071861411e+02,2.054865967478815207e+02,8.891625259121536828e+01,9.480407791725181710e+01,-2.376632888955596741e+02,-2.785199798877302442e+02,-1.561064568680820059e+02,7.558406784500382969e+01,-1.396438227122982312e+01,-1.757465973767082090e+01,-5.725082244657036057e+01,-2.131518073229399590e+01,-1.676200321532908788e+01,1.790735850944543301e+02,1.210147385035414231e+02,-1.540870607883896071e+01,2.018659070464022136e+02,-7.797163381882442934e+01,-1.175718283203859471e+02,8.689743847039527225e+01,4.070842418774476101e+01,9.486704604773771621e+01,-1.764176590289521300e+02,-1.415557182708002983e+02
-4.768357952370470798e+01,1.821690989290992935e+00,-2.908244316489713697e+02,-1.171360126252740059e+02,-1.151622530856851512e+02,5.935580524660242219e+01,-1.211968668197825991e+02,1.559536828151560428e+02,-6.241006025879249819e+01,-2.715441225090892274e+01,2.968910013364676388e+02,-3.362532872504671388e+01,-5.321428672143388638e+01,1.002903676208976975e+02,1.201867594670410853e+02,1.349735735375319337e+02,3.391223982454734482e+02,1.818458256126703532e+01,-2.310521965166257985e+01,-1.883586158537258086e+02,-2.382569402526578131e+02,-1.396193194978742724e+02,1.146278195894878706e+02,3.099392200180497170e+01,7.144279474169009347e+01,-1.796902040121486976e+01,1.095872821014445053e+00,-1.050900953418468653e+01,1.686691258102069924e+02,2.006626123684719332e+01,-1.126813237135154964e+02,2.229914581381326570e+02,-8.118376284142139809e+01,-1.411156471633705110e+02,1.307844805279052878e+02,8.489789931756931196e+00,1.388599935605745657e+02,-2.173104412167146293e+01,-4.311078074482814060e+01
-1.944245478854330855e+01,2.072513934480772235e+01,-2.812310116973644654e+02,-6.060432320268357387e+01,-1.301840475295020667e+02,5.822234273054279896e+01,-9.306675744608007506e+01,7.140046106612598464e+01,-1.804629994658861492e+01,-2.047823671971991999e+01,3.384647366459905129e+02,3.548300813359820438e+01,-1.318766732917116258e+01,1.028685913729177344e+02,1.139989793952016868e+02,5.697238110165164926e+01,3.221415493470534557e+02,-6.081040325984842454e+00,-6.718540015706403778e+01,-6.642607928703222342e+01,-1.859174260189610379e+02,-5.445061950289147035e+01,7.851185380171821748e+01,5.906041776675024124e+01,1.032061213157432178e+02,2.620328915828430283e+01,3.646905488625216663e+01,2.776223363162713298e+01,1.544898133553593311e+02,-7.768637821415434530e+01,-8.543739366351890396e+01,2.678446803924188657e+02,-1.254690966544279718e+02,-1.721627354843150499e+02,1.499210744232387640e+02,1.925998059774431326e+01,1.437039426420311372e+02,1.410900382356144291e+02,4.408002562126190327e+01
9.330604177731014914e+00,-6.168963775598092170e+00,-2.423328982776703526e+02,5.984353886608327144e+01,-8.839843474534247036e+01,2.712497692451635345e+01,-8.797303939280787688e+01,-3.552446802940980319e+01,3.335739572710429002e+01,7.172903725573638312e-01,3.713274277552404214e+02,1.228771579205700135e+02,-3.079842790776056205e+01,4.457427612289814078e+01,1.574243738508613433e+02,7.147352392262814647e+01,3.409740368633928256e+02,3.265016903844290397e+01,-9.488279908801295903e+01,-7.250372735288141257e+01,-1.800583371420155174e+02,-1.085370137942202717e+00,7.373401983881146293e+01,-3.545524701890582886e+00,1.183792819935939633e+02,3.223843207367923469e+01,4.518339613106768837e+01,8.583753100222754995e+01,1.529163504155476687e+02,-7.090441227125059243e+01,-4.935678104050228399e+01,1.916667977578195234e+02,-1.439767487355333628e+02,-1.213161010648082794e+02,1.046276432526114917e+02,5.338889243081273328e+00,7.873475272126883340e+01,2.480433003146798967e+02,9.784482591062665335e+01
4.017194711574438770e+01,1.765338691277960592e+01,-2.383773341221449300e+02,1.286422294224586551e+02,-4.770168562779073085e+01,3.827760530308819398e+01,1.697213508338976773e+00,-3.475465899589376306e+01,3.735061053143746790e+01,6.948470333970955437e+01,2.690714204687204756e+02,1.618623121063632766e+02,4.146741025653236079e+01,2.886773956426234378e+01,2.316976133180719728e+02,1.343025637383341291e+02,3.062976163358670760e+02,4.088819006835425540e+01,-9.844092952319115852e+01,-1.253573850039525439e+02,-1.717777083702339382e+02,-1.674677199838262354e+01,1.056334007646271687e+02,-5.504471206459060184e+00,1.089981694800390812e+02,-2.205296635960247542e+01,-1.018106265348642303e+01,7.172328018041208963e+01,1.661121057764459295e+02,1.938066997395851310e+00,-1.232124124546120782e+02,2.008845574654562824e+02,-1.442841670862234196e+02,-9.307734004876850520e+01,6.855617384995501595e+01,-1.616648088952750584e+01,2.045006305319584428e+01,2.410735709757195480e+02,1.111443320129244654e+02
5.440683747568703410e+01,1.084312282446486719e+01,-2.439881289742245087e+02,1.507417468579889146e+02,-2.005820430592891057e+01,3.299773825920642878e+01,-9.984025177753192537e+00,-2.860205734374197561e+01,6.329716683352108930e+01,8.595698713681036907e+01,2.422972977033956283e+02,1.463824834634746708e+02,-2.136846926784575729e+01,6.543706108993503356e+00,2.266508506367450195e+02,2.155251589695839129e+02,3.483988295873367065e+02,8.286248066703829807e+01,-7.792182381005947889e+01,-2.047671074780636786e+02,-1.705915126735890794e+02,-5.108735157393921611e+01,1.210457049203392614e+02,-6.158416102154750860e+01,8.574074982074665741e+01,-5.850131994166323324e+01,-2.357559972524418157e+01,3.433308962193008540e+01,1.588532836440309666e+02,6.097781710055473781e+01,-1.212451410428603253e+02,1.092514107361737956e+02,-1.322373262949338937e+02,-8.802355462846973921e+01,3.416893976671737221e+00,-8.987912124181215745e+01,-3.263880922461583367e+01,1.882612884868791525e+02,1.371958634535858153e+02
2.955565815326608714e+01,7.392452949349316782e+01,-2.367167160780366544e+02,3.657299277312603891e+01,4.292153438744132643e+01,5.415928685923418584e+01,1.344538064457841386e+01,7.072894697559128474e+01,6.316353989069276054e+01,7.005036290690769363e+01,1.232445628548476151e+02,6.213059609863909571e+01,-7.093251001794453003e+00,8.467535054326663868e+00,2.045875576579228721e+02,1.824625674126461945e+02,3.192401276224211415e+02,8.017939839672221680e+00,-1.108139273369870352e+02,-1.515349903184248035e+02,-1.115100491065898893e+02,-1.097341742790448507e+02,1.065755458022536146e+02,-2.031314369490177540e+01,5.219159025071789415e+01,-7.833432540109770059e+01,-6.322129989626546376e+01,-1.092484292508112134e+02,7.502900808285038181e+01,4.309928254545549464e+01,-2.228439057898336557e+02,5.203750253877947074e+01,-7.972747401839838233e+01,-1.028088733240319215e+02,8.092143885544720305e-01,-1.368144228300471070e+02,-2.502784852538957239e+01,6.173237108073885793e+01,1.490112611360258086e+02
1.365788223126625667e+01,5.159396769760738266e+01,-2.867565057371350576e+02,-2.896280061668065287e+01,4.541891707570682257e+01,4.516079419631249436e+01,-4.428389817745627965e+01,6.701218028281994066e+01,4.266122714902769530e+01,5.146745841168304736e+01,2.157141277065888971e+02,1.697397690411889215e+01,-9.956692153131876921e+01,1.453159054776122261e+01,9.433892266364365753e+01,1.576218483679880364e+02,3.344540477508236336e+02,1.375302113907888213e+01,-6.782283896827409819e+01,-8.186266290817792424e+01,-1.479803085335924209e+02,-9.410736876556073582e+01,4.828963637781779283e+01,-4.464843916133531820e+01,2.901966929462691169e+01,-5.008806145403467980e+01,-1.090204937025309029e+01,-8.902679469772914445e+01,6.319738522582824203e+01,-1.189431875612387302e+01,-3.206695728668105971e+01,1.313954335175922061e+01,-1.069982825325385676e+02,-1.657854953528629665e+02,-1.497770044617313978e+01,-1.068049470801997956e+02,5.609360459104633101e-01,-4.152396412664160863e+01,9.822248150452726634e+01
2.837944057493657013e+01,8.766303777534105279e+01,-2.261652482960715815e+02,-5.489553386595537887e+01,8.618878272845952893e+01,4.694363369399867025e+01,-2.227239066757030628e+01,5.098977270465366018e+01,9.590493299902541935e+01,-3.900291065904621490e+01,2.277542796704459249e+02,-3.238620074208279931e+01,-1.032785410885774127e+02,-4.655419910621616530e+00,8.514625583863367808e+01,7.443402276994640943e+01,3.348706803987667513e+02,-7.953259425088337764e+01,-1.425354961565009546e+02,-9.176580612018307193e+01,-1.311716300876330763e+02,-1.335219689015492861e+02,4.880516482679481527e+01,-8.047891323530622643e+00,3.567353976714551322e+01,4.428413758500366448e+00,2.286416883924117016e+01,-4.213308307684558685e+01,9.571438982924874495e+00,-5.612487539866123143e+01,5.348856150297957868e+01,-7.437389104487101577e+01,-7.520375840972766923e+01,-1.538453594722402045e+02,1.053994940568080629e+01,-1.675421293539290346e+01,3.871148611674407647e+01,-5.551375829204564383e+01,7.340649838305576225e+01
-2.030231159448191391e+01,2.810872455446664731e+01,-2.412926188142640171e+02,-1.143289838321350231e+02,1.844159926831905594e+01,2.356795539535219142e+00,-1.455629257376861219e+01,5.268242656353007902e+01,-2.385950397736002415e+01,-2.641309219704198696e+01,3.173227122027287237e+02,-7.504763993982732018e+01,-9.174634231220674963e+01,-5.657798801669857625e+01,4.352483100470177391e+01,7.207604411285575452e+01,3.157961925504494047e+02,-6.431596182944164752e+01,-1.038792164836805654e+02,-3.399187751099730548e+01,-1.632573909443335936e+02,-6.629104223234368476e+01,1.003095135039909138e+02,-3.896688052184871509e+01,6.416427181975041094e+01,-4.782578097452638133e+01,-2.840156558001666198e+01,7.878233962917823874e+01,8.593225787544082550e+01,-1.589407954353328911e+01,1.315080535033478100e+02,1.466218941245404928e+01,-5.948922106980697322e+01,-7.090640329640960360e+00,6.579147714176745154e+00,6.272985080025575400e+01,4.769288911646792428e+01,-1.400952286089885490e+02,-7.918899247390707785e+01
-1.151969356005941059e+01,6.057859080774508698e+01,-1.274000673975308047e+02,-1.664467498372985119e+02,4.603362262206765365e+00,-1.246322860165181190e+01,1.478368854375666075e+01,9.889112415975746728e+01,1.388939593647502413e+00,-7.906811718342143536e+01,2.842739766345226258e+02,-1.706496720444779953e+02,-2.980242082091954359e+01,-1.055316882740676050e+02,-2.090499633808389390e+01,-3.930980551398522493e+01,2.781310523890059585e+02,-1.407156104816727975e+02,-1.427900857508525121e+02,2.762480942401004569e+01,-3.145694703793508040e+01,-3.291922496667495324e+01,1.646031375725192731e+02,-1.018856755189308139e+01,9.224573582062780019e+01,-6.665550539147258746e+01,-8.968159244213390480e+01,4.571336765966776738e+01,5.249852068030325825e+01,3.332326731384326113e+00,1.522902436035438889e+01,6.380603254327476037e+01,1.465830293765108472e+01,1.377999734199819954e+02,8.444880492771435598e+00,6.283362179110189061e+01,4.008584943082142615e+01,-1.019118520959968777e+02,-6.107320044090674571e+01
4.627145591191514029e+01,5.892193178603596948e+01,-1.143086187218339944e+02,-1.336921615867134960e+02,-3.701415472699346765e+01,8.549337959300333800e-01,-4.721644389708813350e+01,8.543513005133497984e+01,8.778531540244671305e+01,-1.060538782330676639e+02,4.488854448519416565e+02,-2.189905663644226479e+02,-8.233698330001678301e+01,-1.047898976888161116e+02,-1.990482071609677064e+02,-1.484742133375050344e+02,2.947168980496068684e+02,-1.602685192900835034e+02,-1.106336800240245708e+02,6.223599822214107036e+01,1.035328613481676285e+01,1.722850033044035811e+01,1.673363084235411122e+02,-3.164879504432123269e+01,1.157077167099730559e+02,-3.525981111668509271e+01,-5.976687473929909800e+01,-8.249003399710039375e+00,4.626840232452380519e+01,1.361315380075868653e+01,2.001036614423455617e+01,1.719037222779215028e+02,2.548836335597194136e+00,8.685307291516022588e+01,-2.948818465627675423e+01,7.178392406732567288e+00,1.512959767724638560e+01,2.752913565769956250e+01,6.981002454121910716e+01
7.998421511087062186e+01,1.088412674975140533e+02,-1.107305618266922664e+02,-7.559448092215573922e+01,4.245138730539484584e+01,6.972516773503384968e+01,-6.358493666705352609e+01,9.143309565761536817e+01,1.836140751613049531e+02,-1.474660330064505160e+02,4.862901450786175133e+02,-2.328672225077280586e+02,-8.786988876370999435e+01,-8.825748513905787718e+01,-2.550798162338371355e+02,-2.627782899548111573e+02,2.210185811305455275e+02,-2.684185329351321911e+02,-1.737066541865698355e+02,2.526721208971389743e+01,-2.160057725160235975e-02,-4.160591194298924478e+01,1.402999360923149936e+02,-9.124006311249576839e+00,1.183277289493442765e+02,1.290918226516021861e+01,-4.497843572162275194e+01,-1.614177053013448813e+02,-1.927762174025689390e+01,4.738216045078249294e+01,-1.395701181719422550e+02,1.915184865424715781e+02,4.292692960058515439e+01,-5.538396399223348254e+01,-4.004152855723322091e+01,-6.094141912638672665e+01,-1.269944720498452284e+01,1.416618414619085797e+02,2.502710307866350092e+02
1.157203362977971040e+02,1.063790089951592392e+02,2.406279242450276001e+01,-9.939792140753917593e+00,1.622395720256711797e+02,7.351899695995885509e+01,-8.342591194645218877e+01,2.919897519146487852e+01,1.942115333899558323e+02,-1.399491370603110738e+02,-1.461894016438912445e+02,-2.068292543598803377e+02,-7.043440532054167136e+01,-3.378504035357167368e+01,-3.090417084957767315e+02,-2.746890621466781681e+02,-3.497942287103408034e+02,-1.862531057930037832e+02,-4.882938697233957726e+01,1.064861599609031941e+02,1.313495190673152138e+02,2.875733147008377344e+01,-9.192973344005751812e+01,-4.289237745933214541e+01,-8.204198527379116967e+01,6.142447501644419816e+01,1.324788073506815422e+01,-2.024741830404257428e+02,-9.147499634371462207e+01,7.300192302498653873e+01,-5.185462747920342963e+01,-5.581560416166142602e+01,1.125162528167644069e+02,-1.710020350463559566e+02,-7.270958096061710307e+01,-7.314006876956794656e+01,-7.980893230533743576e+01,1.315127729279565756e+02,2.988523423717921901e+02
9.264096991650292523e+01,1.055695608835607970e+02,8.361269206428453060e+01,1.051886874780557264e+02,2.472012035017608866e+02,1.018482891468371889e+02,2.835361812259263914e+01,-2.532302020160412326e+01,1.394579382654810331e+02,-1.249859175770288147e+02,-4.209319324514929690e+02,-1.418264178858589730e+02,2.600230344069876409e+01,1.400788949932203664e+01,-1.638800271077934951e+02,-1.764653062174087381e+02,-5.674219241551937785e+02,-1.953335905894199129e+02,-5.292382131722860095e+01,-2.473575177026088667e+01,8.305598145935088894e+01,-3.382764253833993706e+01,-1.408204291101451417e+02,-1.173966617844783045e+01,-1.513507580635511829e+02,6.074149715553117801e+01,3.318511414998891240e+01,-1.159614742928328184e+02,-3.082167081825561894e+01,1.718216742122213532e+02,-9.572021882979596441e+00,-1.668950221820141167e+02,1.344368596278674772e+02,-2.694650097600072627e+02,-6.517595257480402893e+01,-1.996929994513453721e+01,-1.073430423705850245e+02,6.855145131265871328e+01,2.558938482248998412e+02
7.882153406757089442e+01,9.681967034314524767e+01,1.780577344360611391e+02,1.379832322558057172e+02,2.173716456569089246e+02,8.458708801953559941e+01,1.648083127091061328e+02,-2.688980425161630450e+01,4.739113135866687543e+01,-7.446718017040427640e+01,-6.116007542218899289e+02,-1.267620126825804618e+02,1.604435827417589167e+02,9.120204418502915189e+01,-1.130773359001515530e+02,-8.437749803348032174e+01,-6.565006025972518273e+02,-1.604918839863397864e+02,3.576774346088258483e+01,7.905199227725523414e+00,1.554546961789891384e+02,2.157123174213815631e+01,-1.541277894553363126e+02,6.154622106601735254e+01,-2.076804508471917359e+02,4.314437412773420988e+01,5.987831008975656744e+01,3.824085026481456140e+01,9.044074039890122663e+01,2.152650173134899774e+02,1.752652853331009339e+02,-1.229302710634365354e+02,8.289541933027669529e+01,-3.135961939420853355e+02,-4.048257560843603642e+01,7.639845663765176198e+01,-9.421161453162390842e+01,-6.120924714116925003e+01,1.320403660755720807e+02
2.584517214255998496e+01,5.798525520319086013e+01,1.479048606216841790e+02,1.131978192575089395e+02,8.935763356919625267e+01,4.807647066176476613e+01,1.783044544682411470e+02,3.716737508229625675e+00,3.631260713443142407e+01,-1.087664260251459183e+02,-3.387695768062143031e+01,-1.271647397772056252e+02,1.089405474380430547e+02,7.566328759503890922e+01,-4.346565242598452983e+01,-2.929617218666606959e+01,-1.191939911863761665e+02,-2.248729884101398966e+02,-4.807936933935886259e+01,-6.516832400509207446e+01,5.405644692253125783e+01,-9.773276470200267241e+00,4.877050473757908122e+01,8.560444285587792024e+01,-7.303092966854254087e+01,3.967723746937276985e+01,6.801907218481834150e+01,1.380127790611404350e+02,2.179071341239082926e+02,2.776880578051712405e+02,1.715726399035970928e+02,4.426985283024175288e+01,2.488749800678829160e+01,-3.042284091882179951e+02,-5.020215329141564986e+00,1.205662667717148651e+02,-3.681745732199470211e+01,-1.047164779764743372e+02,9.252530708710510510e+01
-4.733936079062790725e+01,-3.575650542278159350e+01,2.138572843829757915e+02,-1.264119393293072449e+02,-7.015450877735051449e+01,-7.571912258506900173e+01,1.579844195682733243e+01,1.015391331885966650e+02,-7.113681682815929719e+01,-9.362856672160015137e+01,-1.132287082385382782e+01,-1.976430810411167727e+02,-2.394457126311866801e+01,2.849561175967513549e+01,-1.779728615876726394e+02,-4.112959451494526775e+01,-6.420905097391933225e+01,-1.129211686019913543e+02,7.009840455750709509e+01,2.643825774010618943e+02,2.139876200616776885e+02,1.910451813689529104e+02,5.666290893107305493e+01,-1.595052308420953580e+00,-1.205348447233416351e+02,4.636103078846990577e+00,1.952518621316545477e+01,9.484628653426571532e+01,2.028985073563875972e+02,2.556883891455079834e+02,1.510458825169603188e+02,3.691140858200767383e+01,8.095441672428654556e+01,-1.399892466066955876e+02,4.880690687362486457e+00,1.128251449160539153e+02,-1.194400079535352610e+01,-2.555352457869342402e+02,-2.355197454927098022e+01
-2.309965334960858030e+01,-5.295623231338694126e+01,2.519201548497971146e+02,-2.004374090861389277e+02,-1.770447459837949680e+02,-5.737800169855825771e+01,-1.032560659276620072e+02,1.415345379346105119e+02,-5.234180873054735628e+01,-1.083897043999983794e+02,1.852314833706224135e+02,-2.337287119366781667e+02,-1.429827421567394765e+02,2.605908989271835807e+01,-2.920940517979578317e+02,-9.020269585711935179e+01,6.288030063744282927e+01,-1.169822211798572624e+02,5.306678913994693403e+01,3.582351408803373261e+02,2.870390170561885839e+02,2.188709521473585369e+02,9.169528591518941596e+01,-3.458667278677127399e+01,-9.285102767765174292e+01,1.961640316989865340e+01,1.933886846820373506e+01,1.255318023118346105e+01,1.406181187578998504e+02,1.749147554189482037e+02,1.152373664621801339e+02,1.597711145058404192e+01,1.121082694239509436e+02,-1.611394585702223594e+02,2.395595364191623489e+01,1.020860192828908026e+02,1.794132693268227285e+01,-2.178219619681177619e+02,-1.462694627010118786e+01
1.844592346568955676e+01,-5.069221197405661172e+01,2.935248399278685838e+02,-2.199429206352283188e+02,-2.693599186369445988e+02,-4.963650637119019216e+00,-1.512264900868952395e+02,1.261252630923924016e+02,-9.192459090153387535e+01,-5.218101893989933870e+01,4.770147958196204740e+01,-2.190917570806863068e+02,-1.404219791253588312e+02,5.331793182699934164e+01,-3.583020580183471679e+02,-9.436089803120711395e+01,-1.128606807994436423e+02,-7.059434767161558000e+01,8.501830893553271551e+01,3.854366306646156772e+02,3.262829045446075611e+02,2.195764626469756138e+02,2.961623122855764478e+01,-5.661431148827516324e+01,-1.188784632682356488e+02,-1.067416571951277682e+01,-8.054943139386708140e+00,-5.393095266876431992e+01,7.629727171056801183e+01,5.663268561791815614e+01,9.590928591582891727e+01,-5.073032550229692816e+01,1.435173499535370070e+02,-1.720987431154855187e+02,2.816801040528795497e+01,9.031279088824122425e+01,2.541569149377613357e+01,-1.539501729975274031e+02,-4.562738711802397518e+01
4.140357919081897364e+01,-2.465929387308718645e+01,3.569863862649681892e+02,-2.041245735596726547e+02,-3.024005904820579644e+02,5.875653608891780344e+00,-1.584628982619453836e+02,4.998359395357169888e+01,-8.368831278210397784e+01,-3.505604404550254571e+01,-2.211611001086801025e+02,-1.554299168017408022e+02,-8.611361132879058289e+01,3.055543333107159043e+01,-2.785484493204201044e+02,-8.423133879795284429e+01,-3.004886471611978322e+02,-3.041133725278480071e+01,5.656800492258511781e+01,2.576295353303779621e+02,2.827253294841929687e+02,1.483594783554794674e+02,-4.706684793173945280e+01,-7.857181754731475110e+01,-1.358902453321184964e+02,-4.067032602844935241e+01,-4.923440941688073025e+01,-1.179083489548469572e+02,-3.113401193322494009e+01,-6.317266594721085227e+01,-1.893654839365266795e+01,-2.309598531569113788e+02,2.005568608187402617e+02,-5.102635564291475134e+01,1.484455535537901127e+01,4.283863526148056167e+01,2.162290488007692346e+01,-3.392548653620244181e+01,-3.571054443437127190e+01
3.234026602778539683e+01,-2.258576053019728391e+01,3.685974126184071338e+02,-1.993685149410613633e+02,-2.671115084042799594e+02,-5.007583375164803385e+01,-1.617331161926210257e+02,-3.561333980225859008e+00,-9.157502942137280399e+01,-1.116973760765192658e+01,-4.625582890931326574e+02,-8.892230534740639314e+01,-4.279898299221526514e+01,-9.013534045532837879e+00,-2.120142159441485035e+02,-7.902245351834102394e+01,-4.162607084419545913e+02,4.957285863783976509e+01,9.672498616354961598e+01,1.742132794926827728e+02,2.293127016490118990e+02,1.458374921631705092e+02,-1.452143271368113346e+02,-9.832910542067841675e+01,-1.450776886761123023e+02,-4.871122350731080530e+01,-5.932819076800225844e+01,-1.453245315186113373e+02,-1.277173485217738715e+02,-1.837893327194351798e+02,-2.258023314844939122e+01,-3.687884112355590105e+02,2.043166150055203900e+02,1.504000994385956744e+02,-2.300282309504214950e+01,-1.431441308213077335e+01,1.561954359950384230e+01,4.604210954229207786e+00,-4.894362770342802094e+01
1.503264681193224428e+00,6.580646801522654243e+00,2.042539343692874638e+02,-1.693549666778454252e+02,-1.424222214807875275e+02,-6.335290864599426186e+01,-9.525545086005176643e+01,5.717596138658042548e+01,-8.785200013197093938e+01,7.648901076279112310e+00,-2.755814304373964774e+02,-2.499738174453463202e+01,-1.033975048888072124e+01,-3.202967538239844458e+01,-8.934030585712139327e+01,-7.569280794738449458e+01,-1.841965224348085144e+02,-1.265038747637286143e+01,4.157370630862968142e+01,-2.284434062483452266e+00,5.511606492341303465e+01,5.573515643007750242e+01,-9.968925731739801677e+01,-4.306345551633515356e+01,-3.233054474939568479e+01,-1.858065073095172792e+01,-4.642767376266176171e+01,-1.523526224938059670e+02,-1.597609700306186369e+02,-2.148391591525427202e+02,-3.520203882588698718e+01,-2.819593793510560431e+02,1.467712245918343399e+02,2.381796679631294467e+02,-2.449566048656166828e+01,-4.034420135335620472e+01,3.742410795494030396e+01,-3.027179923269920181e+01,-4.253935956958069653e+01
-7.001539951596911671e+00,2.568581749871365361e+01,-3.871561498101516463e+01,-1.053217123180631631e+02,1.407657515053253050e+01,-2.441422646213002778e+01,-1.877010562623507184e+00,1.872031381069796510e+02,-1.038271207410573282e+02,6.447480973503164137e+01,6.620408650967921460e+01,2.342524234727443755e+01,-1.114478682037422530e+01,-8.687315019491228085e+00,-6.560271775080616763e+00,-8.724732628538674817e+00,1.113081959219041153e+02,-9.815746268868343805e+01,-2.339060905680940383e+00,-1.857549038972223059e+02,-1.141361486982253268e+02,-5.397917414509843326e+01,-2.001874710843705163e+00,9.523822715427115781e+00,9.210201764583523243e+01,2.250717130441818270e+01,2.776357840970503865e+00,-7.632008292561032192e+01,-8.803532624497582049e+01,-1.520744144259923019e+02,8.622924913853515250e+01,-7.503930971391389448e+01,4.635341565205308001e+01,1.298237646772821847e+02,-9.052310046906121954e+00,-2.785827007544955336e+01,4.210511668071686842e+01,-1.390230021829613918e+02,-6.849053326163245003e+01
2.315617354141656747e+01,3.606890592529519068e+01,-1.273476130235077477e+02,-8.407742436997511959e+01,1.431407034548267347e+02,9.185889510196410868e+00,6.167265907015720217e+01,3.108121505769906889e+02,-1.139587619685847386e+02,1.307394375290369055e+02,8.294159223484284382e+01,2.455584741618395483e+01,-1.520690658098303949e+01,1.860399075493162968e+01,1.100673730005125250e+01,1.081309814557690743e+02,1.312350081724960091e+02,-9.370408665877207000e+01,2.041147309030358414e+01,-2.431650491305278479e+02,-8.756096912939506183e+01,-1.051585726387180557e+02,1.760097637695514905e+01,-1.395112021999620211e+01,9.044723119393746913e+01,3.303723274112977748e+01,4.018158698100447879e+01,2.644697047700305959e+01,1.211595237977769202e+01,-5.955195651480205044e+01,2.565606901577688177e+02,-1.312405322988563716e+00,5.230274216524909647e+00,-5.222928325271363548e+01,1.990933624147565917e+00,-2.785533415941923252e+01,-2.068413029437834894e+00,-2.560475994432654261e+02,-1.189147731433806285e+02
3.918312051308534905e+01,6.840543605643647140e+01,-1.053412796327429248e+02,-9.137603780683491550e+01,2.158502724096115344e+02,5.973286611393660195e+01,1.269007867354036705e+02,3.747919505603998687e+02,-7.915205124873928355e+01,1.432189906603292116e+02,1.900463389836867236e+02,-8.790159029762429910e+00,2.350797969147080835e+01,-9.906912262259362834e+00,8.047274683121325722e+01,2.036068481143630606e+02,2.247519783762209613e+02,-1.073125429061181819e+02,-5.245618800246607805e+01,-2.964874563992299841e+02,-4.522198498066599370e+01,-2.052232857385654938e+02,7.474948547136551724e+01,-5.796690197491063401e+01,1.017945844199595484e+02,-1.426555653868806317e+01,-2.853071054444173082e+00,5.724698498780879419e+01,1.170416414856925229e+02,2.025372113380954886e+01,1.919715914230743010e+02,2.313817165028471123e+01,9.082438565269072228e+00,-2.068279453631242575e+02,1.956459226482805747e+01,-8.182937293936412004e+01,-4.346945189594467962e+01,-2.648634756352892623e+02,-1.177872873706808292e+02
1.007396126183505913e+02,1.111957723807960150e+02,7.500681656337620495e+01,-1.423912858433297401e+02,2.140862772717702285e+02,6.390723501141333429e+01,1.357921457671361907e+02,3.190753984892509152e+02,3.442748487647561006e+01,1.042544558016695504e+02,-6.068725150564236515e+01,-6.112605905342189061e+01,8.675575207157349666e+01,-3.037899061895207709e+01,5.185928358023405593e+01,1.746630651950245010e+02,5.750683055895750329e+01,-1.043661553261079789e+01,-1.338880495762919232e+01,-1.394241789265478246e+02,1.483542813052198710e+02,-1.568596168748286743e+02,-2.879584009382409704e+01,-8.992521574736305467e+01,-1.509268142632758902e+01,-3.779679050081561797e+01,-3.743514497494997073e+01,-1.122937020578296696e+01,9.738992401728725667e+01,-3.042490290666912500e+01,1.001143678544465132e+02,-1.006942829437035840e+02,2.900406952479523781e+01,-2.665754931996800678e+02,2.250614265535815406e+01,-1.448623164061469311e+02,-5.283305009978190725e+01,-1.543083015938406390e+02,-4.451464053272189147e+01
1.298098478486014073e+02,1.097975783886643484e+02,1.299858806347282325e+02,-1.349815046583012474e+02,1.736045170009617777e+02,8.307786352307286393e+01,1.062260025263275054e+02,1.978917869490742021e+02,1.188960690192586611e+02,4.862795883970957078e+01,-8.208027769147275876e+01,-6.725314070005036626e+01,8.548434363875286124e+01,-3.370672655951851482e+01,5.553230972097022544e+00,8.781014311881529011e+01,3.404638774752584851e+01,6.934354672738831482e+01,3.581270221146597521e+01,-1.521805800036537093e+01,1.940667589125576171e+02,-8.301755602105224341e+01,-1.034354560144688548e+02,-7.181871999573137089e+01,-7.615429494414520661e+01,-3.730463221778916250e+01,-5.111092588721631103e+01,-1.145009888823805113e+02,3.508172022820702551e+01,-1.126828045160923182e+02,1.248990747503669141e+01,-1.720633868798536241e+02,8.303385119275281667e+00,-2.709103284440899415e+02,1.274779789873880098e+01,-1.726527985721327809e+02,-1.442482563178002408e+01,-1.008048909183433750e+01,4.977707648749362335e+01
8.558530856423783462e+01,5.694053972802730357e+01,5.962660049729556988e+01,-1.134677774274503577e+02,1.346070662199057324e+02,1.057627184154311379e+02,5.728553671315049911e+01,1.324286492297867994e+02,6.387248385491916025e+01,3.123784669785863599e+01,-4.590079434012293547e+01,-2.859782148448493189e+01,2.067406615791344038e+01,-2.192159854059224955e+01,-1.018231891625398866e+01,2.917566465573048617e+01,4.401113693595189602e+01,8.722581652115106010e+01,7.824631876402796138e+01,4.920657360888378662e+01,1.502656105332561367e+02,-1.803240044852108070e+01,-1.104959398068999121e+02,-2.372536238413865206e+01,-9.610618240389577238e+01,-5.081883826383086955e+01,-7.780504924480362661e+01,-2.166988145311104006e+02,-4.709686680834716555e+01,-1.431806398630619981e+02,-6.998801637623800787e+01,-2.158899820072187197e+02,3.507294758330982631e+01,-1.990817757004308248e+02,-6.728875873284707598e-01,-1.592886341994161228e+02,1.737875535922854553e+01,2.570047537915741387e+01,7.230858658331244726e+01
1.441628925227625579e+01,-8.678144615236663029e+00,2.392342500883611578e+01,-1.435841630536572211e+02,6.692017763764013694e+01,8.497012771684688914e+01,8.857949871201393321e+00,1.790950431305224697e+02,-1.162530607334965538e+02,8.137233988250913796e+01,-2.121121771200747901e+02,1.188277315380850929e+01,-5.039532356837912630e+01,5.940489117801375230e+00,-3.132427110513614110e+01,3.284357773303776185e+01,-8.838644245369522423e+01,7.563439053511446275e+01,1.505194372831571172e+02,1.438408299724727613e+02,2.186144799335299069e+02,6.441621101925294113e+01,-1.098448911345006991e+02,7.437820696125561071e+00,-1.502499082927471648e+02,-1.040143329401987273e+02,-1.239953110126188562e+02,-2.843010603487642243e+02,-1.192262740899596736e+02,-1.497501173270661639e+02,-1.058146596822243168e+02,-2.727363736666192153e+02,1.476902600837860291e+02,-9.751464882438881432e+01,-1.631736386125082205e+01,-1.500287550701059160e+02,-1.070310701827957800e+01,-5.681415943992283957e+01,3.925713552867998501e+00
1.655851442439965027e+01,-9.832261662966418569e+00,7.861107757634464122e+01,-1.726193135030404733e+02,-8.585954953553790858e+01,2.183461577298841760e+01,-1.197626893424201810e+01,2.554957438831621062e+02,-1.945279577150833461e+02,1.206163851833963747e+02,-2.532939442810220783e+02,5.454369321979937268e+01,-9.808803873222312575e+01,3.597837241116008755e+01,-2.487848769047308295e+01,5.387870555398922079e+01,-1.043393451425734213e+02,4.961869525889723853e+00,1.520899573086525720e+02,1.718278728531093407e+02,3.490402808955238925e+02,8.096641605473439540e+01,-7.709892432856537425e+01,1.437813253635929023e+01,-1.736357440855681489e+02,-1.395109411315766010e+02,-1.356006369055613163e+02,-2.902803515425407568e+02,-1.413364997958062759e+02,-1.903662210286738059e+02,-1.480813636633151305e+02,-2.625559897651101551e+02,2.660385366923909487e+02,-9.934304018784121126e+01,-1.841784731038061906e+01,-1.910196192254254015e+02,-6.332130904437195795e+01,-2.991019138241701114e+01,6.254222598269402411e+00
1.070177322114661678e+01,-1.093681633198813508e+00,1.118381413717950181e+02,-2.493321753888524768e+02,-3.072650401681448216e+02,-1.078768531847719316e+02,-3.431458874575197626e+01,3.116913992228664370e+02,-2.217989106027957007e+02,1.516859638405996407e+02,-3.413595289358939056e+01,8.239817670475942180e+01,-1.116914775273775859e+02,1.128127461139380650e+01,8.134135288941637398e+00,7.134678630033153013e+01,2.972471428428035622e+01,-3.029331400117503392e+01,1.262844794316708743e+02,2.385110046318644663e+02,3.960824120195783280e+02,1.011277249867495271e+02,-3.613637321808534608e+01,-4.295898854568818592e+01,-1.420350100176355852e+02,-1.885369163190756012e+02,-1.687087380468630045e+02,-2.542827493670857564e+02,-8.384080677378690893e+01,-2.502825956242448342e+02,-2.859910514957670102e+02,-1.087996708985811409e+02,3.251872529791329498e+02,-9.148489065826223055e+01,-1.869166858193458935e+01,-2.916458713257670183e+02,-9.052186663360760122e+01,4.725121603463148290e+01,2.481153905602594278e+01
6.878220135892446763e+01,3.601561897209988672e+01,1.867991365469920879e+02,-2.732822470800409178e+02,-4.374711962897630997e+02,-2.547838363855366879e+02,-8.435510428073639844e+01,2.286725781604493477e+02,-3.750782163221105492e+01,7.755917872968740312e+01,-5.110986888024108765e+01,9.027795388880919347e+01,-1.158410062839334387e+02,-1.880086753269397093e+01,4.444718534936264120e+00,-1.404032902568644214e+00,-1.889503469647608824e+01,2.300034883296295973e+01,1.252440152413041403e+02,3.431798804735432213e+02,4.395535406656393889e+02,1.758018198147575788e+02,-1.224560154547989441e+02,-1.125492057416326475e+02,-1.642894312932269543e+02,-1.140845267823224276e+02,-1.080855252130725717e+02,-1.826955348622053066e+02,-1.081375214120389074e+02,-3.239502035539868530e+02,-3.379582061986355370e+02,-8.538363524212687139e+01,3.105694757439514433e+02,-4.837682012233966589e+01,-2.298030731606313282e+01,-3.445103991935666272e+02,-6.082849349884379109e+01,2.092400442965988816e+02,1.369169370981047109e+02
3.948839392838897311e+01,-7.134094791081352582e+00,5.956903968845469421e+01,-2.657686239984768690e+02,-4.365709373113639344e+02,-3.314747545465901339e+02,-1.444202804519310348e+02,9.585064947633328813e+01,4.275733105749797147e+01,4.192284837517420470e+01,-2.299954212304059809e+02,8.544596397433231516e+01,-1.111493154338188560e+02,-3.053516775097945057e+01,-4.487141778821290927e+01,-4.510581771251133887e+01,-2.678438887472015608e+02,1.499041512420905065e+02,2.024521648220999737e+02,4.521713389134162071e+02,3.014384424953184407e+02,2.996659954088974587e+02,-2.321386716024060775e+02,-1.718887959668922178e+02,-1.832238716387334136e+02,-3.023083026689336350e+01,-3.949097897244750044e+01,-4.544153857977973843e+01,-9.806235616201357175e+01,-2.547413642969749219e+02,-2.235835343272482021e+02,-3.818747846798881085e+01,1.939282806487741198e+02,8.132946916459883369e+01,-3.674594203291063366e+01,-2.503776484485385652e+02,3.436776293520707348e+00,1.718973186165601987e+02,1.114945710744874674e+02
3.306038075421479761e+01,9.832834659918477271e+00,-1.510518868076567287e+02,-1.360217965103612698e+02,-2.917794078753163376e+02,-2.410434712885582087e+02,-1.487339391903876162e+02,-6.043407223796096162e+01,2.392458494051411435e+02,-7.758127773702720731e+01,-3.416845839769330269e+02,9.268004894347230049e+01,-1.132190195876055014e+02,-9.693147420554712568e+00,1.499613007908891582e+01,-9.837705160659305648e+01,-3.710917854775742057e+02,6.400087655860571090e+01,5.970115672705153287e+01,1.943721101212057647e+02,-1.285162468485606801e+01,1.788598789248164280e+02,-1.825103524478440988e+02,-1.171611775883818751e+02,-9.725120393687660680e+01,1.300283105984188694e+02,8.212421192364577394e+01,7.216270120228236351e+01,-1.287188254778694443e+02,-3.552681707830318913e+01,-1.130878165584535537e+02,-5.670630125662312793e+01,6.902844217225757006e+01,1.204185688931360687e+02,-7.077059520122347180e+00,-1.407436513898460895e+01,7.726713706010103522e+01,1.810994657699308164e+02,1.719803974589980839e+02
2.833572689953090773e+01,6.332102290088685947e+01,-3.349330915990118456e+02,-7.679764259131097504e+00,-1.367938594034266089e+02,-4.764791553715265593e+01,-7.042607238327312302e+01,-1.142548690783227983e+02,3.358460004608707550e+02,-1.401352182024873514e+02,-1.789313899253777436e+02,5.787943531135444175e+01,-6.290922636467747253e+01,3.782821517418830126e+01,4.886475537141470937e+01,-1.472255547693402491e+02,-2.279846847389754600e+02,-1.686372572949464654e+02,-1.534302437401138377e+02,-1.425503166469500229e+02,-3.001246019869951169e+02,-4.760645877551255722e+01,1.121219239602560513e+01,2.534951392228897404e+01,8.398735787724379520e+01,2.234246394389703312e+02,1.640117178432811613e+02,1.230118458583940253e+02,-9.395821856817019579e+01,1.658515629040448687e+02,1.244460763429541394e+01,7.114975424025949735e+01,-5.928907359424451329e+01,3.577838586684980982e+01,4.059531888028614333e+01,2.300556740724693725e+02,1.035440647423149869e+02,1.699906191158507340e+02,1.977445590763150562e+02
-1.242765508983549694e+01,-1.574749304641774295e+01,-2.079553683704752700e+02,-1.510288746249844962e+02,-1.415369351443747803e+02,-9.961335410506706012e+01,-1.974557679646052861e+02,-1.002182448387834910e+02,2.056400331686270988e+02,-1.242566014076198400e+02,-4.754593524818690753e+02,-3.309105173474621608e+01,-1.644870974748656067e+02,-2.777685734474922441e+01,-9.772157005122710416e+01,-1.501589557620314395e+02,-4.305704140800698383e+02,-9.502406071623039452e+01,-6.201942422312564673e+01,-2.067137377276514698e+01,-1.968056246251809966e+02,4.373951763111146107e+01,-6.876310716250667809e+00,-7.462322159752538653e+01,2.701220863721988863e+01,1.759278304991823347e+02,1.492622584309161766e+02,8.443121467701885763e+01,-1.003818379865741548e+02,1.878990341684701946e+02,1.727426688402344723e+02,-9.009873474844921759e+01,2.347615634097851256e+01,1.433338762474767236e+02,2.477658645629686962e+00,2.711607385703843534e+02,7.757525015240928745e+00,6.733541792649673141e+01,8.513476252855076609e+01
-9.691574124160448278e+00,-8.551903113151308133e+00,-6.895063466008224395e+01,-2.114937971559101868e+02,-2.014155516788867430e+02,-1.119111388628114554e+02,-1.645576516524561725e+02,-3.305217461981371230e+01,8.916152843369823700e+01,-1.232786766801288820e+02,-7.231711855181428916e+01,-9.783208012915461893e+01,-1.682093567187984320e+02,-9.499499239290683761e+01,-1.329963454066592021e+02,-2.063554375688003688e+02,-1.249977698444697296e+02,-1.685922438733424542e+02,-1.178850001808939254e+02,2.797233597797304938e+01,-1.449436992280059826e+02,2.142970074281941351e+01,1.017016646078609909e+02,-7.382188376837419241e+01,1.195549986979686139e+02,9.370053143049108257e+01,7.930769382312226412e+01,-1.173043903035935287e+01,-6.905970650603578065e+01,4.770166656601919186e+01,6.694395157914772199e+01,-7.031637529793674624e+00,1.004620569782142212e+02,1.038747383276013210e+02,-5.989682510556115780e-01,1.825198642411667720e+02,-2.517649813218387322e+01,1.220233175485452932e+02,7.143234856535360677e+01
1.428113363959037319e+00,-2.716547356250056211e+01,8.443200425100080508e+01,-1.933876324505690434e+02,-2.342536094764000723e+02,-1.612786867400674566e+02,-1.128111982443266612e+02,-2.539417006504142904e+01,-2.938894679672495158e+01,-1.281326717095922731e+02,1.486772569259700845e+02,-1.062649270442430947e+02,-1.480839572300263853e+02,-1.492220196604815783e+02,-1.397360937060553567e+02,-2.334014411623089131e+02,4.419594163265733400e+00,-1.361580686191968539e+02,-9.975237881236154180e+01,1.413713086358392275e+02,-5.083810995477907113e+01,8.889957565588508714e+01,9.948667726535107647e+01,-8.976894460826440536e+01,1.291194302917566574e+02,3.982242836299938915e+01,2.677197971746674909e+01,-3.238202910905025789e+01,-7.371831415829619516e+01,-1.073850994533921153e+02,-2.765692974320206687e+01,-1.165743027442379187e+01,1.810180646872980219e+02,1.273420362406676389e+02,-1.262654712353388575e+01,8.012150892543374425e+01,-1.002874718102684071e+01,1.443361537229274347e+02,4.744067733211108617e+01
-1.642731908187801082e+01,-6.707289890071923821e+01,2.351900482328547355e+02,-1.601756075343388375e+02,-1.581736447677780575e+02,-2.193933460167259000e+02,-8.578056289741589069e+01,-5.398410859007476859e+01,-1.338282200414973886e+02,-1.322332325278628673e+02,-3.349485685293378765e+02,-8.600313472444109664e+01,-7.863213682961568907e+01,-1.631896369216086384e+02,-1.280245488286267062e+02,-2.030549775261610819e+02,-3.619965556277861651e+02,-5.976819232685578243e+00,3.721530754310246270e+00,3.080604344709620364e+02,1.360209031110879039e+02,2.423405874403368045e+02,-4.436017334554863112e+01,-1.085524201046088990e+02,-2.467801304901124126e+01,3.950059728192192665e+01,4.653570366574805384e+00,1.431378625713081831e+01,-1.500380155236540247e+02,-1.173444578776841922e+02,-3.388700626580057218e+01,-2.161969132759251977e+02,2.632582063857096841e+02,2.908075755823193731e+02,-1.224940441776606193e+01,8.821157395508653565e+01,2.102574187010436901e+01,5.322176733885505051e+00,-3.360740875030165142e+01
4.857019154486180668e+01,-1.336532512572382281e+01,1.245330163427761505e+02,8.366798512809948818e+01,-6.486396467734508064e+01,-7.576876418912182487e+01,2.587144572081207627e+01,-1.259657850085613831e+02,-9.898737124836488377e+00,-1.609234476715833182e+02,-3.278724537238143739e+02,3.653863691376233902e+00,3.096711406909802378e+01,-4.504103892965355271e+01,-2.955775341421363223e+01,-1.350649211824758140e+02,-3.131901689618359796e+02,-9.855982529067087228e+01,-9.526829129111155225e+01,2.378963074158116342e+01,2.081466921292981809e+01,1.181980212972876814e+02,7.103852944971819738e+00,3.175731337259849596e+01,-3.205103328532346474e+00,1.565266574330075002e+02,1.202472061127451468e+02,1.484943534058727721e+02,-1.072869483454381196e+02,3.953686514680724429e+01,8.928554159946635593e+01,-1.275333216359915269e+02,1.079642976237137759e+02,1.378781611798813458e+02,6.177311870448688325e+01,2.608401400323217558e+02,1.018606561845553102e+02,1.007508137428549944e+01,3.480666925522940147e+01
3.373416092498778340e+01,-1.074963856927048234e+01,6.508613771481543964e+00,1.943833525597987091e+02,1.229053557994992474e+01,1.106564091683562978e+01,-1.723917347160441338e+01,-1.444428051207527233e+02,1.031477182463864040e+02,-2.023779153157166775e+02,-2.131058998713524772e+02,4.469067913071923925e+01,-8.785971833578926748e+00,-1.554471334709071506e+01,7.296900484941387788e+01,-2.942177752146994862e+01,-1.239471546836909823e+02,-1.600381412961438059e+02,-2.127058775799004025e+02,-2.762447741193737443e+02,-1.242251547709899313e+02,-3.830237747881933075e+01,1.145367032121080655e+02,5.989682332767682027e+01,3.750450454287474145e+01,2.157032416504247863e+02,1.820497683389801296e+02,1.822697350997261196e+02,-4.797193039947669746e+01,2.289998420634205729e+02,1.158632896862405914e+02,-1.096527548228459068e+02,2.526240087202036300e-01,4.818175321163497671e+01,1.106258627005962154e+02,3.421201298279491425e+02,9.904998786159006841e+01,1.163379280283059813e+01,8.899052376785948582e+01
-6.221239603450584355e+01,-5.660105581332596358e+01,5.551096073091603245e+01,9.773947119920526916e+01,1.029609384826361378e+02,-6.406830363835823938e+00,-1.120111626724753791e+02,-3.482253425203356301e+01,5.955781067545838248e+00,-1.623098348917465046e+02,-3.008710196814545839e+02,-5.176363596079867335e+01,-6.141841570684756135e+01,-5.453174335789127980e+01,1.545825286678864074e+01,2.012304006579176985e+01,-1.461728952036157807e+02,-6.823864976168177066e+01,-1.274690095725591732e+02,-1.630500680666947062e+02,-2.357162273305668521e+00,-4.075389277893287421e+00,1.012610847513904986e+02,3.896603302448212958e+00,-6.745407978129779991e+00,1.244705439928611099e+02,1.057467656346723430e+02,7.108804535634631350e+01,-2.125187037676970903e+01,2.089299892667466736e+02,7.901496935584258097e+01,-1.408012989820097971e+02,5.674455343030213150e+00,9.784862884792656246e+01,9.053620057993676085e+01,2.309978208709103171e+02,7.359246364543706065e+00,-1.052461267871997279e+02,-6.863461411769544718e+00
-4.923328439954370594e+01,-5.612675438698256158e+01,5.586474012686300483e+01,1.588840470116863344e+02,1.429335376843542917e+02,4.545142069833667620e+01,-7.597519799329793955e+01,2.339015708359835699e+01,-5.076339678169828318e+01,-1.038048196232624178e+02,1.239780896968692332e+02,-1.350569375794378573e+02,-8.202763178031165126e+01,-2.122745160760162264e+01,-1.044021818311860557e+02,1.224277310005448038e+00,6.631543604113323909e+01,-2.322849022655337237e+01,-3.861002616239738217e+01,-1.017865238707799449e+02,2.487270171470197511e+01,-2.372211647664929757e+01,1.021197656599452301e+02,9.597274555520680650e+00,5.969780660368515868e+01,4.030082486091991001e+01,7.761927289302016675e+01,4.546932442529016072e+01,6.347159987101291989e+01,1.661433602698786149e+00,1.375441822111192494e+02,5.472397991319380850e+01,-6.365387484555629527e+01,-6.805117884331284017e+01,3.668737417831381009e+01,5.978160610413573295e+01,-3.690941720487547428e+01,-4.990315127190061872e+01,-3.236659303228190510e+01
-2.995879834107739015e+01,-1.574250754430261878e+01,6.720446921122176320e+01,2.355458054579402756e+02,2.026496470328487192e+02,9.481420986496068792e+01,3.149064023857894767e+01,3.444552967998925652e+01,-7.381028381284050965e+01,-9.457068091389218978e+01,4.461907676495636110e+02,-1.924018307229352729e+02,-3.340035537663646181e+01,-4.258002139042312173e+00,-1.312772466716348276e+02,-5.477188488221776197e+01,1.773295644197378635e+02,-5.296945824336081188e+01,-5.327737257330353060e+01,-7.903153214041094543e+01,6.547454890568753960e+00,-9.045940660958839885e+01,9.753494058615909523e+01,2.160088049646694941e+01,1.313161330957363475e+02,-2.811140185922877777e+01,1.983798621568530507e+01,7.022927678405108054e+01,7.984442872322350127e+01,-1.712497186700612133e+02,5.465162589840937102e+01,1.842990177749966847e+02,-4.160872117050378449e+01,-1.311604095131798147e+02,-1.916482314943817045e+01,-7.839101286612302033e+01,-2.766225942687334438e+01,1.001063174301761016e+01,-2.207440541596207240e+01
-7.003369230814317170e+00,-8.819372525922295480e+00,1.509132181134162067e+02,1.925181737145172463e+02,2.147669683001190890e+02,4.181616388789499439e+01,3.573075601530294421e+01,-3.158493551250866460e+01,-6.382811944473881027e+01,-9.826377921771035062e+01,8.451025968451965298e+01,-2.197603407258283426e+02,1.946298845419598322e+01,2.944538356587995676e+00,-1.954386231726425081e+02,-8.872421699721769528e+01,-1.710775542294077241e+02,3.518829493507711703e+01,2.204876243608550368e+01,1.040491271807799762e+02,1.155488812317069431e+02,7.333922879641696646e+00,-5.648613933390529240e+01,-5.818503733065929850e+01,1.709037514856228057e+01,-4.220409297368540535e+01,-6.237661029580388039e+00,1.579114349124952810e+02,1.409654865577978633e+01,-2.111254330758708306e+02,8.611515587818672657e+01,7.560437010181944117e+01,4.176388778609751995e+01,-1.189849674322292827e+01,-7.853130136007843021e+01,-9.153092342192066155e+01,-1.692866138843858437e+01,-3.357745947394181485e+01,-4.130855104973187508e+01
1.919434383273339861e+01,3.162102821837828159e+01,3.831050280304859967e+01,9.672317065170705064e+01,9.575927673952486430e+01,3.250995585471843441e+01,4.877562524616431716e+01,-8.158646217311915905e+01,2.140951287819397475e+00,-7.012803598558691931e+01,-7.278068822565772678e+01,-1.662413082720217119e+02,1.262088592691737574e+02,5.419319425693143444e+01,-1.637641696645530658e+02,-8.098881688983021832e+01,-2.776559841129213169e+02,2.449377764803929480e+01,1.963977193472311367e+00,1.650859208365267818e+02,3.876198634736469728e+01,4.024860398483327373e+01,-8.183368251580209574e+01,-6.318268780642273441e+01,-3.329084688134651770e+01,-1.792833193220183929e+01,-1.133565140676525296e+01,2.258111305394066903e+02,2.675387930600743402e+01,-9.503457913792612999e+01,7.658929284640412050e+01,1.825808696763767500e+02,1.843630801461663538e+01,-1.791469394668948922e+01,-5.023319158141094221e+01,2.919225649818127621e+01,3.295798045307785884e+01,-4.681278864119895644e+01,-2.016879913255109713e+01
1.138435454188940099e+01,6.222090173583917583e+00,-9.198340060958824438e+01,-2.964444298189381755e+01,-6.761392817266902000e+01,-2.124254809270438926e+01,-5.082921242976484422e+01,-1.234679977615510040e+02,7.034834497988369151e+01,-4.207030794901484683e+01,-1.611689188860264039e+02,-6.549678475988829973e+01,9.107206166854555818e+01,5.880845153927840130e+01,-1.022446978411146290e+02,-1.488762398279436638e+01,-2.306832885818573118e+02,8.916318729084363781e+01,1.007679340654596878e+01,2.016301331747496306e+02,-4.207494967392565144e+01,1.055737464299684376e+02,-7.836946910136467181e+01,-1.118558079617988881e+02,-8.613758369312016328e+01,9.174887695345992356e+00,1.579500017416086255e+00,2.186511019612419773e+02,3.835836567754323312e+01,2.355081197104953361e+01,5.778909455885233371e+01,1.698580411942598687e+02,-8.945373257587931448e+00,-4.328353321977787971e+01,-1.765822811925755431e+01,9.874216506083710954e+01,2.866478763799469576e+01,-1.930607773600145904e+01,2.581368497297889864e+00
-2.787841308937797535e+01,-1.131603321593224010e+01,-2.454506028387792469e+02,-9.274129983659203447e+01,-1.754853681253614184e+02,-1.358058751175375178e+01,-4.194693850905498778e+01,-7.374723225769729140e+01,3.014162821428378791e+01,4.821649473750540693e+01,-1.607197115794130866e+02,5.940358956046988936e+01,8.842013902780625756e+01,8.441521146163601941e+01,1.946940842682234063e+01,4.972525686080132346e+01,-1.190886637690627339e+02,1.059764787747610626e+02,2.734014096935575111e+01,2.057441249737610178e+02,-1.042286855681382747e+02,1.137252059997267395e+02,-3.965974352505050859e+01,-4.783743762828584778e+01,-8.184472884823658489e+01,-1.584784789216054968e+01,-2.378739578452152159e+01,1.278814594744925301e+02,5.273661926457330651e+01,4.409845768106872299e+01,-9.254906534295007248e+01,2.196807696067064626e+02,-4.112809972477029419e+01,-1.271373102673449154e+02,3.461473088621716698e+01,9.615990365959875419e+01,1.781014089585906035e+01,8.750309226295570397e+00,-1.292008113813045433e+01
-3.577298440675160407e+01,-5.893749021077474026e+01,-2.478275415099459735e+02,-1.267478240505335307e+01,-1.542901971955047884e+02,-1.501161631965304832e-01,-6.654023283625136287e+00,-6.213762569027519334e+01,-4.164193350341881938e+01,1.348724874051356437e+02,-3.671514573016630720e+02,1.693816162014013287e+02,3.362805460471070518e+01,1.202176798886490161e+02,4.809344085630777244e+01,8.527329340234336996e+01,-2.300118854725800190e+02,1.669657679879062755e+02,1.371047748896590974e+02,2.130109753238889425e+02,3.904202024829739770e+00,1.484682366097164845e+02,-1.144150322931063499e+02,1.713863115311893992e+01,-1.173789240098551403e+02,-2.110066545523588744e+01,1.872133547685290367e+01,9.248903004075593515e+01,1.316357403103354606e+01,-4.173967846637852830e+01,-8.232388790970236414e+01,1.000293339846405871e+02,-6.624413568774836847e+01,-1.457835234017623236e+02,2.823843547833707035e+01,5.142512307145437944e+01,-8.292702309447612663e+00,2.645541404917937101e+01,-4.503307444249827540e+01
-9.954066336498280521e+01,-7.547781382418816065e+01,-2.516373338811659153e+02,1.540119237644104544e+02,1.309256140786347622e+01,7.619434618488588740e+01,9.078780012845616909e+01,-4.153249399290135102e+01,-1.162360032394030753e+02,1.394223728758177288e+02,-5.229173412761099371e+01,2.117465156895761709e+02,-5.566056813581155893e+00,8.616847651235298144e+01,1.405145151207993592e+02,7.195796417216058671e+01,8.747269878547115241e+00,-8.910113625526033809e-02,5.863308252570839763e+00,-1.421316218161018696e+01,-1.732480465539525127e+01,-1.543636034000444823e+01,-1.192976201974337513e+01,1.059602908590462818e+02,3.879797749166611709e+01,-2.901132782940327104e+01,3.405189223273789878e+01,7.215105510117119536e+01,3.719238444921071807e+00,-5.033113642095750606e+01,-1.769869074102455784e+02,7.999560531379839290e+01,-1.059514232144593251e+02,-3.963957416272108247e+01,1.500165125613296091e+01,1.884041445447324037e+01,7.059218371406319470e+00,9.316367175317914473e+00,-5.147110236697125174e+01
-1.323919702844954145e+02,-7.521100771912949767e+01,-1.822394507419438128e+02,2.000698267144573208e+02,1.458852468967736229e+02,8.895104034234505264e+01,9.769302288616636076e+01,-4.194951881552627526e+01,-1.445762103626998112e+02,9.533531741560894091e+01,2.362851844863134545e+02,1.560936994258298967e+02,-3.437742030612945854e+01,2.720064064029142514e+01,1.245074048269898412e+02,1.547781789158369747e+01,1.977990714894704354e+02,-1.431356525583018140e+02,-1.050285982067277502e+02,-1.456969542937701476e+02,-1.350623551312331472e+01,-1.080816162176059692e+02,7.208449639670962483e+01,1.190609913418171146e+02,1.478185046288889168e+02,-6.181899306146475759e+00,5.754559473526658309e+01,5.932204794263331138e+01,1.777196020275014732e+01,5.477360017428982708e+00,-1.225810132075085050e+02,1.041619519554633229e+02,-1.639504314152173947e+02,1.453854902230690413e+02,1.394400808423883475e+00,4.071533887735497359e+01,4.160872850830419623e+01,-3.377626482842106270e+01,-5.235999181471521524e+01
-1.205605687877964982e+02,-5.709798468642043190e+01,-9.123036128543672874e+01,1.033367107587777127e+02,1.690175128067413084e+02,2.618431702278073558e+01,-1.781801792128101525e+01,-5.941695510491184251e+01,-7.659394664138069686e+01,-1.530061912264671165e+01,5.118303611436872984e+02,4.612789387794654772e+01,-9.457841905390971249e+01,-6.293631964902481712e+01,9.096418254714765794e+01,-2.622928069240055038e+01,4.158092287244541012e+02,-1.946390604903275516e+02,-1.951082149286024503e+02,-2.182677926933570802e+02,-7.039000238256987529e+01,-1.403130090868215518e+02,1.610462711015173625e+02,4.252901697718835550e+01,1.882062482515488568e+02,3.135683295697957718e+01,5.314422393819103263e+01,1.578667047146766400e+01,5.507841924430956482e+01,1.073845126316512193e+02,-3.325084889378448594e+01,1.071525108944800309e+02,-1.831291148927024608e+02,2.925992043243150533e+02,1.644685224291039249e+00,4.990594767588186187e+01,6.598780495240289667e+01,-5.161761382082217686e+00,-1.149777784104702505e+01
-4.477748645557212370e+01,-3.764136011618348210e+00,-1.137601665796140793e+01,-1.931326731053963996e+01,1.137926012906983857e+02,-3.324187716783553270e+01,-1.237723345235540364e+02,-6.124824940400731066e+01,3.584114028377747729e+01,-1.180731968374367540e+02,5.664367173472890045e+02,-6.082287031051404824e+01,-1.082548156306967826e+02,-9.670861962802906930e+01,6.493769768970760481e+01,-1.853832702494759133e+01,5.020815741564692303e+02,-1.382079534182761051e+02,-1.936792777140933026e+02,-2.319912161656260139e+02,-1.339223773743352695e+02,-1.263185200018293557e+02,2.019540675552556479e+02,-1.664894172564970276e+01,1.358289342351680773e+02,4.889050274807843977e+01,1.483019733689021180e+01,-2.033161214770993297e+01,1.164921834503143856e+02,1.739818485570133362e+02,6.743504611936140236e+01,9.410138012171911726e+01,-1.620153030985534315e+02,2.613742985161680394e+02,1.622137283901628280e+01,2.802763014709516298e+01,6.378535544358072684e+01,8.639804312836511713e+01,4.185012920720788543e+01
8.632657629123011134e+01,7.122590918550145034e+01,5.669448876931063808e+00,-1.534813752312446766e+01,3.568437852938590282e+01,-1.602126881016021542e+01,-1.230065567240066002e+02,-6.278917189387762221e+01,1.510094958928844733e+02,-1.566821412115325813e+02,4.205410991438286601e+02,-1.002588035148034180e+02,-5.658409333604750913e+01,-1.666567219114709175e+01,4.770920406861914387e+01,4.817727530501991851e+01,4.277471484370270787e+02,-4.731840484540371961e+01,-1.126526096528260013e+02,-2.839042139645626435e+02,-1.969574424483876953e+02,-1.358115518163061211e+02,1.852458848505934554e+02,9.349894587627998632e+00,4.138022659450670915e+01,5.124516697052384728e+01,-8.177766887066760804e-01,4.244668886444102895e+01,2.205273643083513093e+02,2.060207582597240616e+02,2.147775063917655984e+02,1.229617059297682857e+02,-1.546961188170136552e+02,1.510758796697638040e+01,3.347806081895015495e+01,2.690586827161958539e+01,4.745372847979234621e+01,1.994003656802216540e+02,9.906780972343489111e+01
1.309269303454522628e+02,1.000039064556012818e+02,4.989831001898419771e+01,-2.530678997969016564e+01,9.134223681479227253e+00,-2.008109187261456796e+01,-1.044431523034533598e+02,-3.319726119018474009e+01,1.605214531110507892e+02,-1.462479652368919005e+02,-1.079550721670558886e+02,-1.109139946739300342e+02,-1.210093347103468719e+00,6.048350651999356131e+01,4.945394286414468610e+01,1.283045522735870918e+02,7.316228598747740364e+01,4.595206374653997017e+01,-5.159058028326391820e+00,-2.577448405870199508e+02,-1.401604449940694508e+02,-1.282688948507546058e+02,9.105396572655993737e+01,2.641828355742136836e+01,-1.125101114475216804e+02,1.402146301643206172e+01,-3.857445293447113954e+01,1.187521182056975988e+02,2.683655915865711563e+02,2.742027598715138765e+02,2.533427313758176354e+02,3.892920826950483359e+01,-6.725429050207054615e+01,-1.078681669443854787e+02,3.875999108314721298e+01,5.318716848097062666e+01,4.784998750820186331e+00,1.627661030377531119e+02,9.143977835787433150e+01
1.130463006823145520e+02,9.276053767636960856e+01,6.980370906711050338e+01,-2.303094809562208667e+01,8.552086929543424532e+00,-1.674870332772879422e+01,-8.985457928239490855e+01,-8.828229189692580192e+00,1.454410511521057572e+02,-1.295388357318976773e+02,-3.780453844231665244e+02,-1.163620929235210895e+02,8.394769643282804950e+00,1.194664577901932887e+02,2.661700116718779086e+01,1.449125944639454246e+02,-1.119187560082745847e+02,3.392415148125180480e+01,1.018073522675197040e+01,-2.419779154069292417e+02,-7.055048502348348904e+01,-1.502658705973484814e+02,4.597078464266112974e+01,4.585096759793758991e+01,-1.757291176239541812e+02,1.293902237587110271e+01,-1.688218039638318047e+01,1.649521188978946782e+02,2.818368663929205695e+02,3.574373471204712587e+02,2.973783508870111518e+02,1.422212526339923144e+01,-2.691355929425817450e+01,-1.614181049131424857e+02,5.108293132573231787e+01,1.285641436783883762e+02,-1.756171979664442162e+01,7.853680030263831213e+01,8.886544419750788393e+01
5.036103478252675103e+01,5.812425834264854529e+01,6.465939042165491912e+01,-8.094483710599745052e+01,-1.498594811357255274e+01,-2.922653598414296994e+01,-9.541088924968475737e+01,1.177956994403603019e+01,1.066630815942252326e+02,-1.092121389257674480e+02,-3.473011255600556524e+02,-1.297678173129960157e+02,-1.190012770881020288e+01,1.332895921159670252e+02,-9.929195247853666473e+00,8.481236561901107507e+01,-1.092845823212452387e+02,-1.382656121947119310e+01,-2.783232309316900199e+01,-1.558701651668287695e+02,-2.254587642316410623e+01,-1.347564535906870447e+02,4.967022671855382754e+01,5.309943226677732753e+01,-1.621341908609074096e+02,4.190877033230286486e+01,2.437476719452438445e+01,1.022687708906432960e+02,2.312263997035468037e+02,3.840461299886029565e+02,3.214477081175633657e+02,4.316997645825844643e+01,-2.349191106001411811e+01,-1.437508292461266137e+02,7.648011186051786581e+01,1.874840646628794332e+02,-1.276049612796915156e+01,1.236158442491386467e+01,7.746091882772282133e+01
1.843548010355048916e+01,2.476769671038664811e+01,4.803179438961732473e+01,-9.121506683465922549e+01,-3.712965793982741047e+01,-1.221915260279176429e+01,-6.595572756741465525e+01,-6.035996150512239034e+00,9.178676784252773757e+01,-8.057494687774202191e+01,-9.601453517032294371e+01,-1.214460121765368115e+02,-1.716909257528924826e+01,1.242582900930919294e+02,-4.599768186014861016e+01,1.121629162376393651e+00,1.967649271428760116e+01,-1.431215796319074585e+01,-4.427036860440151855e+01,-4.121112837268191242e+01,-4.441868712792224727e+00,-6.998417323556479630e+01,6.536186470279218952e+01,7.092109241851754575e+01,-9.301813498875215203e+01,8.647195077011795661e+01,7.123527342882802316e+01,-4.643497949879915154e+00,1.319434851221952272e+02,2.723393992847900904e+02,3.689738827622902591e+02,6.764243658642742218e+01,-6.272619578103947191e+01,-1.524260285885850124e+02,8.114247299558218174e+01,1.653221760051161482e+02,-2.849107706988740052e+00,4.934601709008943260e+01,6.437719165363449747e+01
5.281884370831747333e+01,5.924000994312928725e+01,1.498068075229404030e+02,-1.405790936833594706e+01,5.177829587856992788e+01,3.470767376810405835e+01,4.317060905070344745e+01,-5.401883235878003120e+01,1.710793008727366100e+02,-8.404915139781111577e+01,-1.567108811869524061e+02,-8.157738499714358227e+01,7.124778307343201789e+01,8.305083635913236151e+01,-2.012480340856158456e+00,-8.065246906470804333e+01,-2.392249904808500816e+01,3.165824072463189509e+01,-3.578173251093308949e+01,5.689835343037231041e+01,1.179164471695973759e+02,-7.587711846957098771e+00,7.272906012934152287e+00,1.173066043742348796e+02,-6.902982847551577095e+01,1.250612062203602619e+02,7.395094686500956982e+01,-1.193871510792945259e+02,-7.363225050999190557e+01,4.520677604938914840e+01,2.715330126766457397e+02,-1.110373061964339740e+02,-4.007911387628237776e+01,-1.263279284240996247e+02,4.910981494890938137e+01,4.901109713409674384e+01,-2.385754557547661747e+01,1.770228227831327388e+02,8.681124476387884670e+01
4.001033519844289543e+01,3.592489456875353682e+01,3.716349982372896221e+01,1.900702558305943910e+02,1.434929413948546824e+02,1.073920455150546189e+02,1.633709757667660654e+02,-1.427174414848116442e+02,1.750842821675873040e+02,-2.244486364342716556e+01,1.804592765777178158e+02,6.514567423717372208e+01,1.427652593404360744e+02,-8.903343157560820842e+00,1.687102770506379841e+02,1.145995060215466310e+01,2.014801470399185916e+02,9.978891540871924803e+01,-3.324289810505386100e+01,-1.050278364059981300e+02,-6.028551513487210656e+01,-7.220350692662886161e+01,4.023287164033299490e+01,9.395320128979747665e+01,6.001794752757641760e+01,6.697490544717886962e+01,1.035576809915129992e+01,-5.602641665926261538e+01,-8.947872260119406462e+01,-5.899772557478154766e+01,4.763176542322977269e+01,-1.105922353895137888e+02,-9.230086137158602355e+01,-9.409969314839396759e+01,-3.226226666631286122e+01,-8.484077893757593358e+01,-6.650472689753874533e+01,2.582418193325024163e+02,4.815362626158156445e+01
3.502523606912150456e+01,5.627718089220598685e+00,-1.358940190635528644e+01,3.444786072109738484e+02,2.675546939633959482e+02,1.196460773863817195e+02,2.350273791780933550e+02,-2.203115784590778787e+02,1.406943041629085087e+02,7.766043333523249714e+01,1.572416578110016872e+02,1.898636498944200923e+02,2.388901047407573230e+02,-7.952009090011139847e+01,2.736388810146444825e+02,1.365280793074450685e+02,1.988729186411596004e+02,2.307476356054548319e+02,8.314832314062039131e+01,-2.141137959329616933e+02,-1.354644023509572150e+02,-1.067831323918030648e+02,-3.630453020865886771e+01,2.839313426210631519e+01,5.586275274058255746e+01,-1.043869296137228631e+01,-4.810787364733813831e+01,5.964647236782781903e+01,-4.686064802860602185e+01,-5.906088933561113663e+01,-1.144930051882489437e+02,-8.016165913696059420e+01,-1.640518866970614056e+02,-3.844686779232651119e+00,-1.128412126583010604e+02,-1.547471831237533024e+02,-1.326804357540653143e+02,1.964057985694190620e+02,-4.160126589310891632e+01
-6.592659580766903282e+00,-2.051279923934941252e+01,-8.125889659150115563e+01,4.343268016603770434e+02,3.959235952472305939e+02,1.259992883851765271e+02,2.670078287030232218e+02,-2.475727452008327134e+02,8.369208478330332923e+01,1.420888905694691289e+02,3.602269361991787378e+02,2.437836995411385885e+02,2.864823518586148907e+02,-1.318856802054466471e+02,3.750292593997940571e+02,2.400047838411901466e+02,4.096522956928754411e+02,2.541921287286645281e+02,8.134803656072709543e+01,-4.271327228192861867e+02,-2.848173357391987679e+02,-2.498880832487953683e+02,-1.447035996776387812e+01,-1.838703467524081603e+01,7.924991281472651394e+01,-7.351266065799190130e+01,-9.698862122209276038e+01,1.047560204622467950e+02,4.846569302272068569e+01,6.756712624651396482e+01,-2.705530768442444014e+02,6.070504095338286987e+01,-2.445724514160547187e+02,5.423886333157029327e+01,-1.322681834929794036e+02,-1.784322701668059779e+02,-1.771092130226611232e+02,5.881536959547634069e+01,-1.251967968341731421e+02
1.378537512732690828e+01,-1.151219408305273750e-01,4.754195181381970059e+01,3.973492977541257574e+02,4.968175795130999290e+02,1.173388875424472388e+02,2.932721081734191557e+02,-2.202288954835367463e+02,3.150301969653174439e+01,1.853602146072273342e+02,-3.800479632980362066e+00,1.775942089151269840e+02,3.525498901233462448e+02,-7.385499474568725020e+01,3.080256676730980985e+02,2.262932449482387938e+02,1.999746524214978933e+02,3.074859059623251483e+02,1.578268708912221143e+02,-3.886269818303470629e+02,-1.536457075142720896e+02,-2.604047708128454133e+02,-1.144727523277581298e+02,1.934163120621175125e+01,-6.248601098154147593e+01,-7.221253294863444694e+01,-9.516552068613594884e+01,1.253379179052393333e+01,1.803436100074824466e+01,1.221506042974314568e+02,-2.130631753186718527e+02,5.351153079771740551e+01,-2.453445986068459774e+02,4.964170550089907152e+01,-9.484813605289201632e+01,-1.722203754918163838e+02,-1.981615556481807516e+02,-1.057292815193227256e+02,-2.001191994962436809e+02
-3.285294404520676892e+01,-6.738728437648430258e+01,-8.902016416731592585e+01,4.159427437441454458e+02,4.254058656915594838e+02,1.580439161389221567e+02,2.751236196585944640e+02,-2.191509117505910922e+02,-8.379905992561120343e+01,2.150670952486026692e+02,3.840395083475293632e+02,1.602360671897986037e+02,2.288261598497819591e+02,-3.531851971265096779e+01,3.038378266675758255e+02,2.900451672320758689e+02,4.247310465691301147e+02,2.899711436520578332e+02,8.345217685718189671e+01,-5.498109736361385558e+02,-3.865624281675848692e+02,-3.532770303199160367e+02,1.135528048348415453e+01,2.441805580443436341e+01,2.347208693303619853e+01,-1.004069387843878616e+02,-1.052234160832464624e+02,-1.899197951100524762e+01,9.195654880339192516e+01,2.114360778436860357e+02,-1.521192458591646357e+02,1.464825899247922791e+02,-2.518104653320735338e+02,-5.735641869884511834e+01,-6.823837308835955184e+01,-1.966668645130841355e+02,-1.749304888537626823e+02,-1.716556011598231919e+02,-2.510273305806690587e+02
-1.918471106083612199e+01,-3.098498387427289202e+01,-3.286785871439955287e+01,3.422402206894395249e+02,3.502049111421741259e+02,1.881050570965947770e+02,3.216103646374351683e+02,-1.419653959036978392e+02,-1.554766176507110913e+02,2.308327034785065166e+02,7.028215624132619155e+01,7.809250732058539768e+01,2.428508675160280745e+02,3.809828732770096593e+01,1.990635474304457091e+02,2.182795178777153069e+02,1.210035863510716752e+02,2.455055319977807358e+02,9.600739854272768525e+01,-3.347970183327316818e+02,-2.126364353870524724e+02,-2.461193803032154506e+02,-1.156801548761710130e+01,1.142561806372711004e+02,1.580069693535171282e+01,-1.207483882685206140e+02,-1.358351656342188960e+02,-9.604618753900457762e+01,4.571613247442309458e+00,1.151953068613891276e+02,-1.190242797851728227e+02,7.578362500786964517e+01,-1.637135181899524525e+02,-8.900344831845058025e+01,-4.607571968192480227e+01,-1.948237330374647058e+02,-1.363083374838341797e+02,-2.054678845302352670e+02,-2.470890691037367901e+02
1.558776574253292413e+00,8.938573779533848906e+00,-7.659776647705902519e+01,3.164965825652549256e+02,2.109998686485839414e+02,1.783411299808781507e+02,2.900646249255468661e+02,-1.170910880284235986e+02,-8.636147912300194207e+01,1.582275050761198827e+02,2.480350490097228544e+02,5.528688328160385623e+01,1.627398002639269805e+02,1.581808198223367334e+01,1.787264779562658532e+02,1.383044508249473665e+02,2.037453382335201013e+02,9.310181883507600276e+01,-1.720518538881715287e+01,-2.369182546379740018e+02,-1.566664683805412039e+02,-1.865654125561527508e+02,7.328787719484576257e+01,1.186578002766513720e+02,1.585817844404494679e+02,-1.102559276464757545e+02,-1.239196391318695589e+02,-6.964147646700253347e+01,-3.554035199971362857e+01,1.387151466801392097e+01,-1.884512574687189499e+02,6.056456966765352945e+01,-1.284615389323840873e+02,-7.432617090665951309e+01,-5.262743652263140604e+01,-1.732754310670298423e+02,-8.218838760911279451e+01,-7.207072746139247954e+01,-1.062235967995904957e+02
3.691191825026778162e+01,2.242762324303226862e+01,-5.258462674885502786e+00,2.006096393252784083e+02,8.155739629423038650e+01,3.708479963355579656e+01,1.295326504909458833e+02,-1.268315795372283361e+02,5.611419439536763321e+01,3.944007639374441965e+01,1.806826262192207935e+02,2.172925378654973017e+01,3.921953362845246005e+01,-7.344790962102638332e+01,1.141251793127529197e+02,3.042552168280099067e+01,1.749779496967038028e+02,3.910101200063095206e+01,-2.714818647873712720e+01,5.661294445903477524e+00,5.069922048860546226e+01,-4.654194096978392814e+00,3.554944461305412062e+01,-3.992205488294352733e+00,1.654111244212071483e+02,-5.546856402269328612e+01,-5.654700798634988246e+01,-2.305583647265196134e+01,-1.087540671914504884e+02,-1.053852188410952948e+02,-1.781723900791006088e+02,-8.788262079765904389e+01,-9.071047749061250443e+01,8.551137126588187698e+01,-7.971799865779907179e+01,-1.501427857457318567e+02,-6.276603651358841063e+01,6.554373114037588266e+01,3.962982821292381885e+01
5.453055613019438397e+01,4.847585677936582016e+01,-7.461433494338999139e+01,1.477073525294883041e+02,-1.169459830079936857e+01,-2.447172522794794691e+00,7.802272609859385000e+01,-1.128143922030660633e+02,1.780666542139673822e+02,-4.487402335823230004e+01,5.731790137822069937e+02,6.264334257980391563e+00,-1.475019553650864790e+00,-1.181723823506532369e+02,1.239292704856957812e+02,-4.750837860420784864e+01,5.001531790535690902e+02,-1.118781361852986862e+02,-1.281268852609310329e+02,1.757408655898655070e+01,1.116003597368135125e+01,2.164197043178639923e+00,1.219296920124714489e+02,-4.241743068133658312e+01,2.354389427741586189e+02,4.541609921377498971e+00,1.646728163633218145e+01,1.293030985104023145e+01,-7.092354276876224617e+01,-1.473999605662901899e+02,-1.612866316514357266e+02,1.530071033024964500e+01,-1.483042299557710635e+02,9.552043856983409853e+01,-5.333063159721221069e+01,-1.199749449944756492e+02,-1.726251680754980100e+01,1.754738778350522352e+02,1.365307849203742876e+02
3.892048927812549408e+01,3.233257130817890612e+01,-7.001657828944239270e+01,1.073876673488312434e+02,-8.345771553596215142e+00,3.093378351420007988e+01,1.025324356182381820e+02,-7.480881340483735187e+01,1.753147001318945968e+02,-4.511689873649380189e+01,5.520225791504552717e+02,-3.793722074985858228e+01,1.814497693679383516e+01,-9.669613363875002676e+01,5.187562279639613649e+01,-7.296163817272633878e+01,4.923002090294742175e+02,-1.573169279050883631e+02,-1.159972377402809229e+02,4.678070607752005117e+01,1.699608001646018351e+01,1.739205515893586806e+01,1.123537666692575527e+02,-2.688297938435013634e+01,1.640000992568968741e+02,3.175671909936586701e+01,5.458558686365780943e+01,5.511914886302498928e+00,-5.626260473595295508e+01,-1.512653851199960400e+02,-3.372612389171887770e+01,1.149840844849966359e+01,-1.471530183597021164e+02,5.728118393713624812e+01,-3.281830255826757536e+01,-1.174151787296635803e+02,-2.064800880321815413e+00,1.007542301099215223e+02,8.400078129310571740e+01
-2.593807809144847809e+01,6.494937639837996102e+00,3.299890669004615695e+00,1.023953567350506688e+02,9.054662812150246509e+01,1.445302947272271297e+02,1.988558831639358573e+02,-2.083913767696063069e+00,7.518216305306285108e+01,3.837683027173486749e+00,2.112883801125721277e+02,-1.005742231211081759e+02,7.232247754634009596e+01,-4.658551208674909105e+01,-5.135287139826873215e+01,-6.507221473118443100e+01,2.202255720228023108e+02,-1.879912924855219387e+02,-9.132077564096074695e+01,6.099562012964622681e+01,6.771996972337333887e+01,-4.445849013060214627e-01,6.577599019288994953e+01,5.306542577383981296e+01,5.879724244502253327e+01,6.930983778225372482e+00,1.958270699347085397e+01,-5.386540583211850475e+01,-9.774347668271806810e+01,-1.145675107925628851e+02,8.863071986715448602e+00,-9.719940056221281566e+01,-4.875280067473927659e+01,2.229395656104045997e+00,-2.894319086749522896e+01,-1.179010410779839901e+02,-7.052498282854481104e+00,-1.115503020295986119e+02,-2.977595989179730651e+01
-6.471184995677873530e+01,-2.189848789573129650e+01,1.569691433985722711e+02,1.543749938460143483e+02,2.012839267974114534e+02,2.348562855485726573e+02,2.382413606961155210e+02,2.549017923275317798e+01,7.004405950697729644e+00,3.777669062604833528e+01,-2.290782059378651354e+02,-1.511150915710635161e+02,5.830193885143364696e+01,6.210835636802232163e-01,-2.115013275614565202e+02,-6.433769701991366219e+01,-1.431553731864124472e+02,-1.719875305117434436e+02,-2.800518462973613154e+01,1.170772999144807613e+02,2.068554482386720395e+02,3.255598396976684938e+01,-3.916774345673535862e+01,1.051638207205460702e+02,-3.588984753161201979e+01,-3.789458165826837366e+00,1.305238376491081276e+01,-8.968777009516858811e+01,-1.814298023954995642e+02,-1.038643710288034896e+02,6.781886285507020773e+01,-2.724665644747250894e+02,5.829975735090304312e+01,-6.099396628665265041e+01,-5.965339269259415289e+01,-8.343819249887609146e+01,-3.095580931954120274e+01,-2.843399130977339269e+02,-7.306534118918952458e+01
-8.304519747311069011e+01,-8.532269991587485336e+00,2.191738017737767450e+02,2.408356257253811350e+02,2.540792290796111104e+02,2.763784817140743257e+02,2.400274057919678512e+02,1.391108149084264056e+01,1.201398206188966178e+01,2.340466536068811010e+01,-1.434066903931458228e+02,-1.392053077519780118e+02,2.501460302831146265e+01,8.996696827470143987e+00,-2.311315781415514437e+02,-8.518162078934557258e+01,-9.679607718392387028e+01,-2.206544506207375775e+02,-7.190922949922109808e+01,8.782165654472487404e+01,1.974341174108584482e+02,2.489884353008201767e+00,-3.483628402304656646e+01,1.356954957588060324e+02,1.933990820104056851e+01,8.593761895972514608e+00,2.551588438469083897e+01,-1.042846513607345003e+02,-2.130787616004333245e+02,-1.013077834612876984e+02,-2.495123212501118015e+00,-2.423534316553903238e+02,7.521902606580542283e+01,-1.329788584384682224e+02,-6.327974177217818408e+01,-2.796317148700450517e+01,-3.402604951753850315e+01,-2.741433752816290053e+02,5.444281019674400035e+00
-7.755105960410544697e+01,-1.490954462753073706e+01,2.522418760611904816e+02,2.603175665804297410e+02,2.373173456890542639e+02,1.975223742966273051e+02,1.705628156428796274e+02,-4.278814485573435888e+01,1.185573068226170435e+01,1.928786796968431005e+01,1.733097307250164931e+01,-7.838248706180100100e+01,5.267596045771554714e+00,-9.276264831990626902e+00,-1.876198430650337059e+02,-9.456373768972110838e+01,8.869378903135775261e+00,-1.263971547749589774e+02,-1.572494409694536088e+01,1.723909624996155685e+02,1.778836143663518214e+02,6.904046403214420025e+01,-7.345555306137889318e+01,7.579925632035472916e+01,2.844592174826288655e+01,2.858195990423908128e+01,5.493981873024641516e+01,-7.601965292625109782e+01,-1.923879372879669631e+02,-1.424096520868847335e+02,1.633018024221787456e+01,-1.548716265186520218e+02,9.762636571721227341e+00,-1.152299640612416738e+02,-6.252248916532612100e+01,-2.308846203106136130e+01,-5.410495632062643523e+01,-1.636544394246294587e+02,6.090298894659832030e+01
-7.358155603389346311e+01,-2.530793337066754578e+00,1.734898661257734886e+02,3.101021754930331440e+02,2.561628471961662967e+02,1.770603780968718866e+02,1.929581981312266521e+02,-8.801823448106759429e+01,1.757940714860856346e+01,2.381055220890586810e+01,5.274763058343589819e+02,1.298466130727591583e+01,7.349963732429651486e+01,-3.187003316574673661e+01,-2.825946787259806214e+01,-7.704469662397542606e+01,3.849258240522253232e+02,-7.694923524022510719e+01,-4.811328581241640023e+01,9.657839463295351834e+01,2.525147870277243101e+01,8.351302751877662800e+00,6.422965397703201518e+00,5.855586065336760981e+01,1.142180194414889627e+02,3.312876220359778756e+01,4.962551848344777028e+01,-2.855604499419647979e+01,-8.519066987915542200e+01,-1.610075771604713566e+02,2.071432174993156750e+01,3.568490541268472782e+01,-1.321163780429896804e+02,-1.102887883974349847e+02,-4.770748092595069068e+01,-9.580394035754177651e+01,-6.532545312690886874e+01,3.802541617978921096e+00,7.957776688282011435e+01
-9.337424426272694689e+01,-3.667359296586242579e+01,7.180292049015223199e+01,2.751908728505692920e+02,2.771640182748772645e+02,1.736814025001697246e+02,2.250925817064354533e+02,-9.264579886308303003e+01,-5.521999062399380165e+01,9.338856195032894902e+01,6.436143119345158539e+02,9.627359432390294103e+01,1.540320977249445207e+02,-4.611859184356679009e+01,6.820953315568596054e+01,-7.337012875514631105e+00,4.278542235953435124e+02,4.488530593628357934e+01,2.308515996110916291e+00,4.438905639185060181e+01,-6.257690662232949563e+01,-3.045228500596122245e+01,2.916499515685439547e+01,3.297954374375795084e+01,1.077002202254436156e+02,-1.363123920024929525e+01,-1.600233507259045851e+01,2.384756512648466753e+01,3.244185414967530789e+01,-1.170585740246837503e+02,3.684537473483508307e+01,1.119077324043142028e+02,-2.155999204172055954e+02,-4.880313382490982121e+01,-6.073166626623161335e+01,-1.816762675834720255e+02,-8.049271107635935607e+01,5.045188025631828310e+01,-8.275885044793888312e+00
-8.435603553175913305e+01,-2.529683733404105794e+01,5.546279280175787108e+01,2.153024114556106383e+02,3.491871100358629292e+02,2.322702491154269353e+02,2.749524144321412678e+02,-2.928493712684831962e+01,-8.510131872734709191e+01,1.312396402704809475e+02,4.257651731165070146e+02,9.825839525810464181e+01,2.180253698009435368e+02,-2.227560029715360912e+01,4.402472603623589009e+01,-4.741492605050444675e-01,2.407631229742013375e+02,4.388936487132194486e+01,-6.927259036433890405e-01,-2.378071857603061190e+01,2.745975374276166647e+01,-9.902130421132268623e+01,3.851506743441968439e+01,1.003528115024161877e+02,9.827999249167346818e+01,-4.466132213502374526e+01,-7.654569382624605112e+01,5.151840421989063223e+00,6.090740109822319681e+01,-6.372803957715132128e+01,-8.468971020119315796e+00,8.163295388641061834e+01,-2.010601446862520447e+02,-3.071892899211303529e+01,-6.763057609594896746e+01,-1.737521089367241416e+02,-6.566447923519098140e+01,3.067447392149884067e+01,-5.192239187431903957e+01
-1.026100275817190379e+02,-1.021575478880577492e+02,5.804352681144679593e+01,5.329826147030573935e+01,2.889761245242861492e+02,1.622730133008612654e+02,1.205465197533077486e+02,1.027983445623968706e+01,-1.801298114545703015e+02,1.495735985156984214e+02,-4.073833416817855380e+01,6.809973208165779113e+01,7.987322802444673187e+01,-1.432010982378927011e+01,-9.795489152373346542e+01,1.958807856037526562e+01,-1.572149660840820502e+02,1.205187888560970322e+02,8.939607166220650925e+01,3.524974793367914572e+01,1.533481855604817099e+02,-1.563605979069644114e+01,-3.169517869111330910e+01,6.227890476879858284e+01,3.308657246861343282e+01,-7.623419829594021735e+01,-9.555015445813235431e+01,-1.200306706019044967e+01,3.989452694723676274e+01,2.892950859078888826e+00,-1.720095497317452171e+01,-5.523623685016883655e+01,-7.942924333381409951e+01,5.689088662035493371e+01,-8.600944973491580470e+01,-6.684177761958993358e+01,-4.890828377117821901e+01,-6.267566528387764890e+01,-1.112202341753407069e+02
-8.030675206422084500e+01,-1.047523097983521296e+02,-1.489383777352864158e+01,-1.846787586369843126e+01,1.378302573724668321e+02,1.095930228134347999e+02,-4.036125034482362040e+00,1.580785901194469467e+01,-1.960952915072007272e+02,9.557548295284074413e+01,1.330350771862124226e+01,4.589340411527336272e+01,-3.583836256475780147e+01,4.243071919265744896e+01,-1.325808564287024751e+02,-1.400266490485381610e+01,-1.278878695521311784e+02,2.747079928899681889e+01,1.992570711870193989e+01,-2.897548993584218024e+01,8.317376336573889262e+01,-2.034233356187342423e+01,3.089610935129593727e+01,1.092475002513220659e+02,1.097724616191557772e+02,-5.210174661326536949e+01,-4.454693510995130623e+01,-2.453255132099786096e+01,2.867847170148794333e+01,2.313085919317147443e+01,-6.708393588292409504e+01,3.101137137283810219e+01,-7.688636039316403270e+00,1.522217839496499181e+01,-3.022256140019597481e+01,9.413528929775017673e+01,1.545541607105968396e+01,-2.169830435220097087e+01,-7.128722480209798107e+01
-7.052915748792750605e+01,-9.538821483524269240e+01,6.671461015682869800e+01,-1.225331819082716578e+02,7.961175407270326687e+00,-3.081316500957051119e+01,-1.329818747731949031e+02,-6.829584388018574259e+00,-2.219985558638334453e+02,2.676958971319935898e+01,-1.940492393339932278e+02,-3.460892539870152884e+00,-5.572392435649179987e+01,6.620575759439367403e+01,-1.308639300730943944e+02,-6.285439039008616646e+01,-2.304807187630151191e+02,5.141762621153556978e+01,4.196806857501354671e+01,1.388888367501793937e+02,1.520728183976333128e+02,1.117100184878762832e+02,-1.445120414436280321e+01,9.546595663241375007e+01,5.060317598975017006e+01,-3.533469939886536793e+01,-1.352622283748713095e+01,-3.340945471952448997e+01,-4.528826570138306096e+01,-3.473609545653069830e+01,-4.447504186307681806e+01,-2.754091414960080542e+01,8.633051714038469981e+01,1.301078075259434286e+02,1.269713193750491698e+01,1.410277193092191510e+02,2.140570821970480964e+01,-2.577501547900465440e+01,-1.036366523709034908e+02
-2.408177819511542239e+01,-2.384263011513972330e+01,-3.109283163509973846e+01,-7.084270899114096665e+01,-1.354453557392830589e+02,-5.945552576883883944e+01,-1.203979657968326080e+02,-4.973265162783064142e+01,-1.209709822271188813e+02,-2.386434745585964023e+01,2.612780514649479642e+02,3.870142186862937450e+01,1.444503718661867531e+01,7.978897398551167441e+01,3.326282957332404067e+01,-4.509770703788126411e+01,1.609945768936588593e+02,-1.877625375849553535e+01,-6.822559309546336692e+01,3.599247754148535705e+01,-4.369274845249695005e+01,3.826771519660722021e+01,9.189762610798760534e+01,9.442360378189842152e+01,1.080418037965261107e+02,-1.276732841677090846e+01,5.510819877888382123e+00,5.470435159337506548e+01,2.827491507197105847e+01,-2.172964005588787018e+01,-5.167597918582161043e+01,1.291030051843732167e+02,1.418587406373785065e+01,9.153312149391045693e+01,5.129273181425234185e+01,1.043227758255151087e+02,4.162516697177748881e+01,7.715454427241301971e+01,-7.291558213576975334e+01
1.383900540753488606e+01,2.588866527235139259e+01,4.112333396923925477e+01,-1.106912551982776733e+02,-1.600238692409861017e+02,-1.428130235566850956e+02,-1.657970648841066748e+02,-2.468235268323008569e+01,8.883026437199919911e+00,-5.104647066083292373e+01,1.867632059935530435e+02,3.885141735206189395e+01,2.280846246419039147e+01,2.801625787076494900e-01,8.474047628809806554e+01,6.912707777075810522e-02,1.845139229753983443e+02,5.943072099111224560e+01,-2.934528036495242631e+01,1.097878274967355310e+02,7.087404987658818811e+01,7.075309994739586728e+01,3.763020131155064973e+01,-4.205050516686669937e+01,-1.177613899007458365e+01,-1.134709170623945163e+01,-2.407240870324951487e+01,1.023777001146337966e+02,5.043221238194136191e+01,1.762378815063859605e+01,-2.582044443018724067e+01,-1.339938962324549010e+01,-1.683819521165570876e+00,1.823509788258273829e+02,8.146789616598917760e+00,8.012827239271045343e+00,2.026141659294562025e+00,4.971078303022719069e+01,-7.229428581442930124e+01
8.896562638596626016e+01,1.170917443195064180e+02,-1.236776093370045082e+01,-1.320017432302991551e+02,-1.899409802189108518e+02,-1.412265441968903019e+02,-1.523202347042262375e+02,8.177842929049890586e+01,1.737630504310622825e+02,-4.172897037383035013e+01,3.441004818407291168e+02,6.001843452332348505e+01,-1.621903066540275518e+01,-3.240914484466077994e+01,1.079805815683267980e+02,3.699765142710509735e+01,3.383104504916478277e+02,1.639117333983878666e+01,-3.807148338409676569e+01,2.919291819209848526e+01,9.955097048887405720e+01,-1.278796639997232454e+01,5.265629179799765325e+01,-9.531090786177846041e+01,-3.611485215361680901e+01,1.387741571316749756e+01,-2.522009704870123414e+01,1.003383005288187633e+02,1.291591629175495939e+02,9.122088487679435787e+01,-5.143950428954111231e+01,5.769417429194455593e+01,-7.380722226159674904e+01,6.610299962660648987e+01,2.405229977063434443e-01,3.535353911410988559e+01,2.826366657746664046e+01,6.538466730589144049e+01,1.268567042219398289e+01
1.155944220570123377e+02,1.398046311541067723e+02,-5.862259435672645225e+01,-2.228085349814176936e+02,-2.440339780112162771e+02,-1.727176148449891286e+02,-1.861288296405297444e+02,1.873514056832773065e+02,2.124600180178298956e+02,-1.220474433770126055e+01,3.421618309117877175e+02,6.933326768328157641e+01,-1.300067762567965133e+02,-2.636554343643152265e+01,6.080792031315149160e+01,4.550445236122527604e+01,3.292663072255126053e+02,2.630317329492158684e+00,2.208699852308740574e+01,2.357121495416447132e+01,1.186561032461258378e+02,-1.668236206298124458e+01,2.097672553321455879e+01,-1.093238111252009617e+02,-6.177073885030814893e+01,3.783902046552778842e+01,2.909947488702777640e+00,3.392626822611918413e+01,1.564340262196557774e+02,1.084038914392700690e+02,-3.611226768893625660e+01,1.466749372999799164e+02,-7.361081647947521844e+01,-3.751551610971520034e+01,1.872768884383302890e+01,1.371303083791137851e+02,7.150846283960024152e+01,5.717414527808490732e+01,5.561478794367786094e+01
7.328860403481611741e+01,1.254327866649495178e+02,2.349405614232500739e+01,-2.910113193502768354e+02,-2.260750648194085386e+02,-1.863833036320295093e+02,-1.772477500362183207e+02,1.992603672495976355e+02,1.823810121453900877e+02,-4.281124339627113073e+01,2.430550642086648736e+02,4.411155562429336641e+01,-1.663838705807256986e+02,3.695520530656613900e+00,3.056086568725160291e+01,-3.804385848392252001e+01,2.709168982090093323e+02,-5.370655064658350852e+01,1.715086381070806354e+01,6.328755132676604944e+01,1.509093022665086323e+02,7.427638748721259176e+00,-1.010777413604836639e+01,-2.133445445790857775e+01,-4.735601701169399291e+01,6.758206702406864963e+01,3.960102583547084976e+01,-8.195403047159102528e+01,5.280234015112573331e+01,1.043203175858889153e+01,-2.229573161005354009e+01,1.413956434467764893e+02,2.124021227593440031e+01,-2.839403748285260320e+01,5.488150052004258583e+01,1.786462315488897445e+02,9.211318407812328246e+01,8.410500920435390526e+01,7.567940966819490711e+01
-4.735424119927068176e+01,1.324687872909046149e+01,5.731769278774670795e+01,-2.744485697987978483e+02,-2.204696310852905583e+02,-1.624020400387351515e+02,-1.394708995572833317e+02,5.153825755539712361e+01,7.359254207951475735e+01,-6.215338266196288686e+01,4.067590825897924560e+02,5.411168606498091549e+01,-1.318400220218280481e+02,1.337141586296790408e+01,3.949139167555989616e+01,-9.485877027797323535e+01,3.530238001506965588e+02,-7.669551101786927916e+01,-2.815278892996493809e+01,6.444478511418185462e+01,1.622589211862361580e+01,3.364957825256589530e+01,1.775197226619348712e+01,4.297974863183060279e+01,4.608264348636400598e+01,4.784860681423981532e+01,4.566692768801494395e+01,-8.927814615654666852e+01,-1.773624461863235524e+01,-8.916376862207251008e+01,3.570822149405314860e+01,1.539155639172423093e+02,8.223158761668858574e+01,6.980779277348207756e+01,4.497660562078934987e+01,8.465707173388814510e+01,6.584226533087287692e+01,1.320261599209576389e+02,4.846585486196174486e+01
-8.356713132498856567e+01,-3.833672614901025621e+00,1.834599426020073736e+02,-1.742078484636913913e+02,-1.141858942542006474e+02,-4.796024459733068568e+01,2.106604134721958488e+01,-1.227641712959709395e+02,7.626012319702347497e+01,-8.180604710495653364e+01,4.402970560358420471e+02,3.399473618893711091e+01,7.826004179637357083e+01,3.350995791766054310e+01,3.369636829317889948e+01,-1.986737456467887455e+02,3.560666776547446943e+02,-1.512930442435967677e+02,-1.168272736717267293e+02,9.798726880200706546e+01,4.041639117306828410e+01,2.843240004934279952e+01,4.181952690650177118e+01,1.460851576896800452e+02,1.293378522576870751e+02,3.466631778993375690e+01,2.607619988722549920e+01,-7.449514665727271279e+01,-1.145428873335881264e+02,-1.972778821006119472e+02,6.410704167554951027e+01,1.315412062298907188e+02,7.506548974353231074e+01,1.263939313999574949e+02,1.302567791809011588e+01,-6.730966572241898405e+01,1.341035274487883555e+01,2.166772007514958034e+02,1.073057930724107649e+02
-1.280378632632434517e+02,-6.842472552941435993e+01,1.531737062749418783e+02,-1.439020484071321846e+02,-5.242491148746856311e+01,-1.027796335997996380e+01,6.913782935866400692e+01,-2.215336299400388498e+02,-2.594954995179769242e+01,-6.885863303042272676e+00,4.938128543797586758e+02,3.967535419252573092e+01,1.462293985574581825e+02,-4.183722455627390246e+01,4.082802077205958113e+01,-1.435650991830960379e+02,3.126458263564629760e+02,-9.479802201510271686e+01,-1.097882945961390533e+02,1.537441332168302210e+02,-1.551972134061271902e+01,5.703634391709990581e+01,8.505476528322458307e+01,4.471728466734275997e+01,1.837748326981023013e+02,-5.989186507295519846e+01,-7.656195395956247296e+01,-2.089544797513681118e+01,-8.605192973391743294e+01,-1.499987574834724171e+02,-9.734564086772270031e+00,1.095097134611139467e+02,3.187758486993557838e+01,2.233081464879223574e+02,-5.916555241560461553e+01,-1.888416412106083442e+02,-6.236007423197116140e+01,1.674260627805624324e+02,9.646773618594777133e+01
6.640713623191037307e+00,2.581173917871259249e+01,9.541053815063457932e+01,-2.057160997921656787e+01,4.072380712999989072e+01,4.723711508914031754e+01,1.490845552075766136e+02,-2.315956220636427929e+02,4.236358688238796333e+01,2.209900249395293415e+01,5.321556364390219187e+02,6.191532269418081569e+01,1.497470918425229058e+02,-6.033857118850025358e+01,9.820790722781161719e+01,-9.449858513083120215e+01,3.189708263055857174e+02,-1.301884019493749918e+02,-1.539881065908324160e+02,3.435920347959375221e+01,-9.343586706556767751e+01,-3.893862366923863050e+01,1.554046584934914677e+02,8.812977363879937798e+00,2.400934959118983443e+02,-4.440827948640211531e+01,-7.971729421155434636e+01,-1.107878233535742751e+01,-6.924263014765394075e+01,-9.292420424189069195e+01,-1.205047173865125671e+02,1.058281053950301498e+02,-6.220072631227337467e+01,1.078913573939373407e+02,-5.947347752871203852e+01,-1.480546662131395976e+02,-7.653092485731528427e+01,2.300740965500125697e+02,1.984722176839161989e+02
1.314227759011631917e+02,8.260903813429140996e+01,9.710759543292853380e+01,5.603016779675503756e+01,1.160728813880690069e+02,-1.895082296343570860e+01,1.376511945981145004e+02,-2.222005032149037902e+02,5.253441320666330228e+01,4.169935229525668063e+01,8.804704007705367985e+01,9.005246808499805411e+01,7.093596488127016642e+01,-6.720601449485138801e+01,1.132982311538770119e+02,-3.324013604147870637e+01,-1.349579552594543941e+01,-9.390993904157239669e+00,-2.304680090262445447e+01,3.904699240619117262e+01,-1.335475813253645754e+02,-9.258763037351803504e+00,6.610990273624479130e+01,-5.621423203956597092e+01,1.255680278999529804e+02,1.200652674098643757e+01,-2.300786501835764142e+01,-1.703447092322022627e+00,-1.084490149679713511e+02,-6.512954209869285194e+01,-1.209076543854364871e+02,-5.490761234721740180e+01,-8.815586206262274516e+01,1.094529700587284253e+02,-4.451154480189586593e+01,-4.728290919383446322e+01,-8.402692219349586367e+01,2.148232628636407640e+02,1.654090724897885138e+02
1.472444111673521547e+02,8.016090181143883342e+01,6.927906846491160309e+01,2.059806707388177642e+02,1.913880369392154250e+02,-5.831529716069182001e+01,1.720454173043136734e+02,-2.647678651138483019e+02,4.166689829062370620e+01,2.709486231881661311e+01,-2.092986055814159840e+02,1.256653850793824745e+02,7.896192343654500689e+01,-5.070474184433376053e+01,1.166935316542791270e+02,-2.358028002277546875e+01,-2.401201266029195551e+02,9.610003961797183081e+01,1.015651198945191567e+02,1.058073869420035962e+01,-2.848487033295350557e+02,4.366790437863538266e+00,-2.938743247222494048e+01,-3.546776745412875442e+01,1.832965539082881179e+01,8.766035290059448926e+01,6.716898056161380737e+01,8.016854486952237835e+01,-1.208021774408840798e+02,-5.917299381564662042e+01,-2.927815153456481667e+01,-1.063391448873898355e+02,-1.352442207816044970e+02,1.843083378711805551e+02,-2.826039944248034885e+01,1.072056057554542008e+01,-6.416898330838512265e+01,1.762235451183763644e+02,4.456409561547989995e+01
-6.478585560210552785e+01,-5.198313002743273614e+01,4.052042278210113579e+01,3.377359628662646287e+02,3.228249696750436897e+02,-7.394680921827257691e+01,1.814016076910956485e+02,-3.249886896568382895e+02,-5.535547662745610609e+01,-2.486779815154987716e+01,-2.389042906499518608e+02,9.962842655460468677e+01,1.396404388422578222e+02,-1.273441362998137123e+02,8.424902237370960734e+01,-4.522437672685305188e+01,-2.695965561028793331e+02,1.852501203869178141e+02,1.550508788822422446e+02,7.631926219061251793e+00,-4.351788233487039292e+02,8.925401735571279360e+00,-7.407454729805273530e+01,-5.131446427028103585e+01,-4.203229946538797179e+01,8.291156115949125649e+01,6.460083268822923230e+01,1.972706596330025661e+02,-8.201041063718244573e+01,-1.212951525073850334e+01,2.219470197184214655e+01,-1.176088056782189142e+02,-1.411252944668369196e+02,4.557981740471606713e+02,-7.337345901805349513e+01,-7.757530911560424158e+01,-6.627841329098363587e+01,4.712461989610845059e+00,-1.494254777414407727e+02
-2.379234879034335108e+02,-1.211316630825846516e+02,-3.461946115238691846e+01,5.127849789460932470e+02,4.559744820501195477e+02,4.611253312295360729e+01,2.653918215204898274e+02,-3.446033443656583017e+02,-7.874782770249235853e+01,-6.639174425390416445e+01,5.811814586810125149e+01,2.483651892093337565e+01,3.000799768644214396e+02,-1.317482392319389533e+02,-2.393004207405856931e+01,-1.230977710331142134e+02,-7.554210879013038493e+01,1.414226587793072554e+02,1.134484047541164529e+02,-6.377860889676691869e+01,-5.068286300521434100e+02,-8.077287345831577170e+01,-4.007985575600714867e+01,2.001674665301894152e+01,-1.021708862599160206e+01,7.229558598628042887e+01,5.944850597892137500e+01,3.112427776840916636e+02,4.328076319913149206e+01,2.169758798220271601e+01,1.253789556117893369e+02,1.203536734644202539e+02,-2.309318504443277504e+02,5.033137949637436463e+02,-1.044465290712349770e+02,-1.386097464959671015e+02,-2.783765968350401465e+01,-1.239486325608173161e+02,-2.072929947137007787e+02
-3.278352440608902043e+02,-1.499813072219126582e+02,-1.777222471075833710e+02,5.567997311769460111e+02,5.116444053298919812e+02,1.406321987504842923e+02,2.438507964411072066e+02,-2.637931465520709367e+02,-1.660627338723902824e+02,-5.698685220791187334e+01,4.651338169780943872e+02,-6.277255396945412258e+01,3.218818265655462483e+02,-1.183951656923045164e+02,-1.297224921639727029e+02,-1.222945462951798845e+02,1.837251204123926129e+02,9.491683643726381092e+01,5.148350224468362057e+01,-1.547520639733668304e+02,-5.519934775186454772e+02,-1.809186386825039676e+02,5.601864321215531106e+01,2.669610522631179705e+01,7.478889610673175525e+01,9.368596686415418873e+00,1.243024055090916669e+01,3.402472618275892273e+02,2.133401582851786600e+02,6.618679250316453988e+01,1.818782405036643581e+02,3.704538655497782997e+02,-2.811870313257999783e+02,4.192945841953570039e+02,-1.106861813581573131e+02,-1.070667755973567807e+02,1.346549013573034337e+01,-2.760606621993177328e+02,-2.170840662133895762e+02
-2.012958410431181449e+02,-3.358454817430057915e+01,-2.347424060155350674e+02,4.342923760665472628e+02,4.773650936509773146e+02,1.605801430339813862e+02,1.602699420688566079e+02,-1.092388402283009157e+02,-2.207606777458733518e+02,-2.960488696116656371e+01,5.396261308522974787e+02,-1.264343860309322736e+02,2.560353180908986701e+02,-2.845819037824981024e+01,-1.866219338327759658e+02,-1.049085414509927432e+02,2.371638260298207115e+02,3.617172041762313484e+01,4.183131769656469601e+00,-1.881829323124172504e+02,-4.781530234633887062e+02,-2.328094767795478219e+02,1.165103677196796497e+02,6.629688508628738930e+01,1.313823496550332379e+02,-2.043754608118200267e+01,-5.921773237288934233e+00,2.298564832921217089e+02,2.615085634012826858e+02,2.564416297627876062e+01,1.877469012908809987e+02,4.435381111582494782e+02,-2.392573716892055984e+02,2.339765409692921025e+02,-4.717642707601160623e+01,5.746301413548873427e+01,5.940985102554524389e+01,-3.547067101811996963e+02,-1.766864878615641885e+02
-1.525316609332490003e+01,6.049082425173733668e+01,-2.808082511900605596e+02,1.780286663305706156e+02,2.955729046576217911e+02,4.820930912587014916e+01,-3.510362017288836967e+01,-2.211704409555610340e+01,-2.781764636803389408e+02,4.237032449336770590e+00,5.493898998537140415e+02,-9.074760947392513799e+01,4.983951886880529258e+01,3.045953611911549075e+01,-1.534748685998183646e+02,-2.829732267180321514e+01,2.360541952252839053e+02,4.313656814203704926e+01,-8.886290800776436072e+00,-1.945367865555453761e+02,-4.996999894218113809e+02,-1.927821808593009791e+02,1.579950545518381375e+02,3.530212214164852469e+01,1.863955069356988190e+02,-3.768155739514913449e+01,-4.022661762335427049e+00,1.093671801178179663e+02,2.222009049665340399e+02,-1.848010366020659134e+01,1.421025784974075634e+02,3.167227612574419027e+02,-1.324617517215827718e+02,1.548261659820422551e+02,1.189861125467970560e+01,2.197816936850942398e+02,7.554953325554734533e+01,-3.672458254244794489e+02,-1.881399495284536272e+02
1.508993321782540988e+02,1.604993308836730819e+02,-2.587921882796611612e+02,-2.772979358315549092e+01,1.074594227039510486e+02,-2.617205849810897789e+01,-1.152382808551243869e+02,-1.659277765785456893e+01,-2.016115551901089873e+02,2.887051033618478257e+00,6.504213571539912664e+02,-1.332903993248180008e+01,-4.422945169435180901e+01,8.291250769443202273e+01,-7.698486584979212921e+01,-3.374416017657847533e+01,3.166515383623994353e+02,-4.981623872818886412e+01,-8.506325539219999143e+01,-2.030602781833630956e+02,-5.042295493334586922e+02,-1.534744912264269203e+02,2.084745757645945616e+02,8.339778381752059033e+01,2.742331783473520090e+02,-5.285702950269827838e+00,2.843822409275311358e+01,1.509248027498961697e+01,1.081588922167822773e+02,-6.866663221826340191e+01,5.446498071370243110e+01,2.066988359549563654e+02,-7.281084215625102729e+01,1.005223437090898528e+02,5.776870755434711668e+01,2.927655627869404498e+02,8.886534733758108473e+01,-2.542275689743581779e+02,-1.550828306439896664e+02
1.244444631719122754e+02,1.124565879155852315e+02,-1.924990930969866554e+02,-1.795504082231412326e+02,-3.968922579035882592e+01,-9.002658964017108190e+01,-1.456877553531776641e+02,-6.075124383716462262e+01,-1.459732806423515683e+02,2.419864353361131748e+01,6.176585589837923180e+02,5.572359302966851402e+01,-7.163773297869127532e+01,6.457725374644893179e+01,-3.938263345641013302e+01,-4.110015104880847048e+01,2.773182814788526684e+02,-6.659689754932833239e+01,-8.303885202025469425e+01,-9.523879630071442648e+01,-4.164090063408906985e+02,-3.493288456824127053e+01,1.793174373764329346e+02,5.352499014394914667e+01,2.684933157658580285e+02,-9.703225764977135626e+00,1.811108988125002739e+01,-1.439483014858831034e+01,1.612535151578909165e+01,-3.524457192214411805e+01,-1.052805061117071439e+01,1.202868249465151678e+02,-3.292942371574557114e+01,1.572877768985850366e+02,3.505569214524976474e+01,2.169350962502018092e+02,6.697182037674521382e+01,-1.734337145827184088e+02,-1.532011562458057483e+02
-5.359248422678900425e+01,-1.112233839641836930e+01,-1.888179224688845181e+02,-1.583167427686925919e+02,-8.644644415948626204e+01,-5.035190106912246932e+01,-7.976925391176129665e+01,-6.566898759333295743e+01,-1.344548751250638077e+02,6.155298639208002953e+01,7.632868378400274878e+02,9.237702340601396145e+01,-5.816548461039606366e+01,2.447076553083220318e+01,2.862886818403490707e+01,1.715218564706275650e+00,3.920976467953967131e+02,-1.096916968845629157e+02,-1.281645036576184111e+02,-1.047631036027309506e+02,-3.658065590249969432e+02,-2.827038721512547070e+01,1.941862479452856007e+02,4.534555839648879427e+00,2.719529848968290366e+02,-5.648064492992271823e+01,-3.451097972353452548e+01,-1.824291000760024417e+01,4.033293613444789116e+01,8.642141718575238940e+01,-7.745684158825611121e+01,1.994405960271117237e+02,-3.059011267015975477e+01,1.369074111379916303e+02,-3.669555841074481073e-01,7.446715158254500011e+01,4.732885471441399261e+01,-1.034029112115057956e+02,-1.249350639750987426e+02
-2.228283957430084286e+02,-1.268254427670999007e+02,-1.442403109342971277e+02,-7.251881599832984193e+01,-7.188644216301184997e+01,8.816914579463510648e+00,1.142795910853891428e+00,3.413803195239864863e+00,-2.158843422257231168e+02,1.365850471823395651e+02,5.926590646455426850e+02,7.146697050308115706e+01,-3.128361317868996849e+01,3.325708096747592890e+01,4.319608213790151297e+01,9.512511902954770449e+01,3.155322950581533519e+02,-6.824955245670953730e+01,-7.465202386207610630e+01,-6.562931443136557164e+01,-2.057861554178502388e+02,-1.118021909111465462e+01,1.168497089643118301e+02,-4.078994070963466356e+01,1.689860056402389148e+02,-1.232369794463421044e+02,-8.786116653382184438e+01,-4.474337335827437556e+01,1.112702090238504269e+02,1.630951165005920984e+02,-1.500321734448773903e+01,2.694534834351881614e+02,-1.047310174751860501e+01,5.334936210398547018e+01,-1.843520819980787806e+01,-2.932036796367722431e+01,2.411141856434898756e+01,-9.723874442107872085e+01,-1.339643228617461261e+02
-2.917325804178021258e+02,-1.705424835960840824e+02,-7.993567188659540079e+01,-2.585078965131840789e+01,-7.857841748481361321e+01,2.522263656726773817e+01,2.501493652857985595e+01,9.113993382144440147e+01,-3.041607915657553463e+02,1.748264980131072832e+02,3.376600891994830818e+02,3.591394335697999196e+01,-3.979288015069852236e+01,4.737900759646922921e+01,8.246451313161598762e+01,1.958664812217981535e+02,2.349353454712860696e+02,-1.888085393377149046e+01,-3.015802945739112317e+01,-4.587657437615627742e+01,-6.061787855027844785e+01,-1.373659190211926173e+01,3.355564141894868868e+01,-5.992713739193186484e+01,5.987800583825128342e+01,-1.729045688865337809e+02,-1.282668013352142680e+02,-1.024860601411207881e+02,1.582345945611388345e+02,1.540110782642547065e+02,2.369324924553436063e+01,2.415788953825100691e+02,4.843768140225428454e+01,-5.029489686236111368e+00,-4.437137402856057733e+00,-7.270154859961444060e+01,7.933620870616440612e+00,-8.793339968953772257e+01,-1.518743427027960990e+02
-1.740325050280987966e+02,-1.129583728641996174e+02,9.300909156677040812e+01,-4.509708671818480497e+01,-1.280958288873659114e+02,-1.509684677335698666e+01,-2.354698021692663445e+01,9.645799794491183832e+01,-2.051603600573413360e+02,1.043935722749230450e+02,2.009492526079544561e+01,8.072454686861290085e-01,-7.764718232083269811e+01,5.501215562110713364e+01,7.954210442128984937e+01,1.865007642632482430e+02,1.405712297688816079e+02,3.247047724347668307e+00,-5.150766457420503208e+00,8.151013493759529993e+00,1.758371780594115705e+02,2.732523418467098608e+01,-7.073983553307216710e+01,-3.317368163014828752e+01,-4.592597429141667931e+01,-1.204792932491959760e+02,-7.789083832876380598e+01,-1.463646834374443984e+02,8.343479366736899294e+01,1.281559599287867002e+01,7.835347337559421987e+01,3.635266116189686869e+01,1.028711894713269572e+02,-3.352566028043992929e+01,1.770611919700078118e+01,-7.132374298299797033e+01,-9.852877986020889267e-01,2.914121865017324353e+01,-7.640570824351222257e+01
-1.058370577499695031e+02,-1.261185784197311079e+02,6.231332547536479183e+01,-1.731059349106573109e+02,-2.805426293265936692e+02,-9.367721539743031656e+01,-1.248640193471060371e+02,5.830768604786526055e+01,-1.626839820572984650e+02,6.126590398468846388e+01,1.663648213574672639e+02,2.307729899806487239e+01,-1.696359679390133124e+02,-1.350993196179042855e+01,1.075273701811644855e+02,1.801734312849290518e+02,2.591592869765160572e+02,2.188514672639998437e+01,3.816929102533904050e+00,6.460533206776108273e+01,1.913299255504224163e+02,9.636953773985966620e+01,-4.053765727833930299e+01,-6.212894285560674490e+01,-2.609409648615485722e+01,-1.132891025600576995e+02,-7.304373350861791891e+01,-1.060473295339375142e+02,7.061071509186916728e+01,-6.452238416803496079e+01,-2.320457930736677943e-01,-1.220084523884230876e+01,9.274148984869067647e+01,1.352727374488118706e+01,2.167402803422694291e+01,-7.151730316330755954e+01,-1.519588564807299758e+00,8.304769282039210054e+01,-5.252818044599452207e+01
2.674865032297122980e+01,-5.940410596002183041e+01,1.057554377491889994e+02,-2.180887125297525131e+02,-3.123627805756991052e+02,-8.709932209038259998e+01,-1.041409728650832136e+02,1.686554215623000985e+01,3.831476205670068680e+01,-2.242317981755356371e+01,1.574750010665796935e+02,3.696295912299628128e+01,-1.745656360454587173e+02,-2.398383706244946012e+01,1.118188478730618556e+02,5.197102604907934165e+01,2.404895198564437919e+02,-4.723974079264102244e+01,-3.500994575782755192e+01,1.095314571798164707e+02,3.254611542881501123e+02,1.238855686821299571e+02,-9.910468931625723954e+00,-6.544655234016101275e-01,-1.156288361905021667e+01,-3.194112031299470189e+01,-1.284398998657742474e+01,-8.631399703479981156e+01,-3.990606147080577415e+01,-1.432886083841223979e+02,-8.342692484725911584e+01,-6.688761070033119438e+01,6.330771560849933621e+01,-6.780095511806480602e+01,4.952031098463910297e+01,-4.302672349928697315e+01,1.507516768146284747e+01,1.920243470747830372e+02,8.790104608122071284e+01
5.884181415195325116e+01,-4.157256449793495534e+01,5.955105491406800411e+01,-1.830760137265158960e+02,-2.507625725580826384e+02,-3.868311803772505897e+01,-2.778210106833013526e+01,4.533592676445223901e+01,9.823922246096373101e+01,-2.452722797083018946e+01,1.383367581130569022e+02,5.514653918212651718e+01,-1.636614710779192592e+02,-1.314958348498806018e+01,1.182138899927762878e+02,-1.837951325193631646e+01,1.454758029832739794e+02,-8.160817076947509463e+01,-4.786925921480055024e+01,1.310468923565964587e+02,3.484284802587614536e+02,1.180098787531164106e+02,3.799808030443163176e+01,2.918041185087865230e+01,1.786713699436096903e+01,-8.141946243853851684e+00,3.591395776554870078e+00,-8.252065395104996526e+01,-9.146690181144808207e+01,-1.088519576947406762e+02,-1.574260610983005506e+02,-4.175956560464695144e+01,5.282855182579606890e+01,-1.704667679579194726e+02,7.063458207858293747e+01,-1.099748184204776713e+01,2.510011022121567237e+01,1.595335694252317182e+02,1.259668819864829032e+02
9.518378895239071369e+01,-5.508795137432422884e+00,4.561424549622957159e+01,-7.886727608001001499e+01,-1.480737684215139609e+02,1.527561047275370498e+01,7.158383754777706542e+01,1.210989048172221771e+02,8.867671445912995409e+01,2.954841128944156381e+01,-1.283209928993553604e+02,4.393424205882907074e+01,-7.636312724631712001e+01,5.708967385212432077e+01,2.794185188802508435e+01,-7.363042379036119200e+01,-1.485926633815463731e+02,-5.615137960228668135e+01,3.052763466969861383e+01,2.162162307733271973e+02,3.892514522456788768e+02,1.450682610027931219e+02,-1.828000573195984302e+01,6.594691663413469485e+01,-1.455295163705316241e+01,1.118942623615508936e+01,3.603342929442740683e+01,-1.064325152493150028e+02,-1.211361555411127711e+02,-6.280859919165696681e+01,-9.167568610188810396e+01,-1.374558970440075534e+01,5.347956130322796042e+01,-2.911038815137506504e+02,7.749826574705754467e+01,4.031103081681280997e+01,3.763221381699205637e+01,5.339983936780858187e+01,8.289398156998861111e+01
6.691027125827295663e+01,-3.144264617443732135e+01,-2.853174763695542993e+01,2.686183744380062777e+01,-1.160282394172787832e+02,-1.539806908394842022e+00,2.072174584169493272e+01,1.583106794957176646e+02,6.105635181198636019e+01,2.603172395727823485e+01,5.387929802437482607e+01,2.198236428866665904e+01,-9.002960500315452919e+01,8.972174293478254015e+00,-5.336716562909351325e+01,-6.572166484646459139e+01,-9.045367500847845577e+01,-3.008804670760039812e+01,2.304859338180413886e+01,1.683487285484346785e+02,2.351048460106886182e+02,1.276005240852242224e+02,-1.710201123375637344e+00,-1.694014820307634395e+01,4.999368705196280160e+01,8.331795694714093869e+00,4.940207287814779846e+01,-9.727433866551714914e+01,-7.593580173011979184e+01,2.811370833121526758e+01,-6.537966176243543259e+01,-2.214903276718439074e+01,7.401521855808645967e+01,-2.784620366245159175e+02,2.243130201327513262e+01,2.691404303822783106e+01,4.094372831866471074e+01,-2.424478716230526842e+01,2.385349920827654202e+01
2.819474742207309603e+01,-5.567121719328260809e+01,-8.912390936330116631e+01,2.668631226072380613e+01,-1.849027490184149656e+02,-4.862488437579200706e+01,-6.751118720316230792e+01,1.822707790541707880e+02,1.420988086388299720e+01,1.325578674707415416e+01,3.148589225354560313e+02,-4.527931321551993449e+01,-4.030790549905009357e+01,-7.782867018544017412e+01,-1.785124239860006696e+02,-7.933693453652711014e+01,2.370687789564138370e+01,-1.398926716519238411e+01,2.747904833694113336e+01,1.984977385284704496e+02,1.358388229243666387e+02,1.664586953118154895e+02,1.378949837644361942e+01,-8.956913620929765329e+01,1.081726722008195480e+02,-2.061273421249709514e+01,2.676386371972593281e+01,-5.231123919736629091e+01,5.961605779093393842e+00,5.001132172301021228e+01,-5.419001140773151803e+01,6.940976801715176236e+01,5.917190581062332910e+01,-2.021872887892981510e+02,-4.639707194654523903e+01,-2.257017218696493632e+00,5.071081186930385343e+01,-6.647837712018281309e+01,-2.159511604362497295e+01
9.603849578892159400e+00,-5.751212293597793490e+01,-3.505597574859871202e+01,-2.952518798890827156e+01,-2.487146861649688674e+02,-8.169870312580033556e+01,-1.359203400359552347e+02,1.670967802635528301e+02,1.526118412256887158e+00,-3.618826979928631715e+01,3.227620972767396665e+02,-1.346680686505900724e+02,2.692794242072870858e+01,-1.521006379407823204e+02,-2.735641113447366592e+02,-1.153014149275019804e+02,2.950442572866958102e+00,5.736641212140233037e+00,2.786564643636655703e+01,2.540813660336394832e+02,2.021820405119673580e+02,2.171122606297735445e+02,-7.185442863666644531e-01,-1.141261250423886509e+02,8.374187807746174883e+01,-4.422663858135495474e+01,-6.600251082051407536e+00,1.418079018933556235e+01,3.706579548535150082e+01,-1.702615075149044443e+01,-4.092650372871011655e+01,1.174336443628345990e+02,5.793612790204517893e+01,-1.181268757046147186e+02,-8.968442762449559780e+01,-2.953759656879844187e+01,3.946695011010981347e+01,-3.875072659029559929e+01,7.171998659393844733e+00
2.036559575478895567e+01,-4.474629603565605152e+01,2.294671225790929157e+02,-7.548391662668538515e+01,-1.753481614668401676e+02,-1.064202795110034998e+02,-1.710409651402279110e+02,1.047896837239194383e+02,-4.628574519824189437e+00,-1.062053204706706993e+02,-3.477434814672446919e+02,-2.201174747633144477e+02,4.792069156913500194e+01,-1.594593379463930773e+02,-3.250433343515259708e+02,-1.421792327165282472e+02,-4.213238109497173127e+02,1.224412557611793915e+02,8.865278341082029101e+01,3.563822810278448969e+02,4.942703857302549864e+02,2.895093134122530500e+02,-1.423699088682260765e+02,-1.022418262655700119e+02,-1.172271239730048222e+02,-4.513154377646918647e+01,-2.231611211354987745e+01,5.792062863230440684e+01,-6.215157329738769931e+01,-1.549634628329979762e+02,5.388778499280483913e+01,-9.943497155896136519e+01,1.433767064250618830e+02,5.554629278654514835e+00,-9.762608611486375310e+01,-4.886482117083058085e+01,-3.282943361025483853e+01,-2.632482280452884993e+01,4.361420858535749545e+01
3.939483755907313878e+01,1.962652585151185125e+00,3.870924938059415013e+02,8.675669519209346703e+00,-1.666219026146488957e+01,-3.845203676258205405e+01,-8.573773413438766511e+01,3.044907671612702060e+01,-4.376171010518573468e+01,-1.281975831931697769e+02,-8.576756620975309033e+02,-2.177426948591715643e+02,5.776578410791822193e+01,-5.883798834154308111e+01,-2.414626629750254097e+02,-1.105127265413682380e+02,-6.841627694562961324e+02,1.757694451675453422e+02,7.444395905727436968e+01,2.598574337896531006e+02,5.605165907064296107e+02,2.004795802119471091e+02,-2.078678470540501451e+02,1.329017122729347378e+01,-2.400837504807492451e+02,-3.650089024024988760e+01,-1.914093776252119739e+01,8.555075089017203993e+01,-1.253680029133357863e+02,-2.355869048357216968e+02,1.262133861323142696e+02,-2.107599464698254792e+02,1.960548328000259914e+02,4.103271662116307539e+01,-3.970238917695768066e+01,-2.500030504631491013e+01,-8.954483065268543385e+01,-4.437298078759179276e+01,3.329622295447919811e+01
-3.374540203901823077e+00,-4.813789311023886519e+00,3.870862387097321857e+02,9.153829701500218619e+01,1.329712414447590447e+02,-9.302923425258265766e+00,-3.405475552571896003e+01,-3.512866615467999054e+01,-1.574331697632215139e+02,-9.383870539502855479e+01,-1.057874502712808862e+03,-1.592225268139153798e+02,9.303434691383676736e+00,3.072389168910621748e+01,-1.351444425868096175e+02,-2.714451639871447242e+01,-7.329283202393144165e+02,2.267011298487383328e+02,7.059893431228542227e+01,1.360623415521234847e+02,3.863527253013022573e+02,9.941142426476656624e+01,-2.237339439651610746e+02,8.440984421379268099e+01,-2.675567142299769330e+02,-4.825338444091241286e+01,-2.546862890053951389e+01,8.237583514705342225e+01,-1.292915645119377643e+02,-2.148226983427639709e+02,1.292536322744435040e+02,-2.529862596285654206e+02,2.255773301985851447e+02,1.490684066705863131e+02,9.002004263840106546e+00,-1.155345785949111104e+01,-1.171892284121199452e+02,-1.733640614863734868e+02,-9.793481801677985743e+01
-3.746379930647353262e+01,-9.399415648124961109e+00,2.405006016238310167e+02,1.554462166781529788e+02,1.907568486678267163e+02,1.677723359388245239e+00,-5.910885201258494703e+00,-7.222278389326714887e+01,-1.781572647787820358e+02,-6.148562334929255258e+01,-7.522791714324582699e+02,-8.431623644711287113e+01,-2.549291445461211936e+01,9.035566549566321726e+01,-7.006809379341501653e+01,1.184335873276392981e+01,-4.494424965527227300e+02,1.574509896897071144e+02,3.044901282884769600e+01,-1.096289003903019221e+01,8.256355716620994656e+01,1.216869689554397116e+00,-1.520443660919301863e+02,1.400218265790343821e+02,-1.548049510134584636e+02,-2.598205913093105579e+01,5.509406894737997717e+00,6.021972878758283798e+01,-8.242581642175814238e+01,-1.507192112004653666e+02,6.993685274806389884e+01,-1.291134499728025560e+02,1.667058786446924330e+02,1.882723477617120977e+02,3.975859866060342540e+01,8.040315176228959970e+00,-6.183053622806738758e+01,-2.402411230765877974e+02,-1.822315598257535214e+02
-9.216798693821327504e+01,-5.913608625412523168e+01,7.783203949989804471e+01,9.458428515489427468e+01,1.404256912373756450e+02,-5.099224478184897436e+01,-5.960257987455683804e+01,-4.796482286412940255e+01,-1.705876633529693436e+02,-3.026046101388171294e+01,-4.093222317728233861e+02,-3.614516681263169318e+01,-7.667259858223405899e+01,7.295968130145406860e+01,-7.824904943263010182e+01,2.730697706574301264e+01,-1.961729667468591458e+02,8.164180207241555820e+01,5.072594301193041133e+01,-2.649056281561536963e+01,-9.624040139484121426e+01,3.108839329263383533e+01,-8.436190385050335294e+01,9.841670953885267181e+01,-4.844512409493579241e+01,-1.729031424578180776e+01,2.707061113146633602e+01,3.097513510020747418e+01,-3.469393942320988344e+01,-8.442172673779417380e+01,1.376774763831441817e+01,-1.133078160389646882e+01,1.010711445164240132e+02,2.082307613539007036e+02,2.691014185964372984e+01,1.510004428058584658e+01,2.140631908596668254e+01,-2.636338980714277795e+02,-2.138633213406598372e+02
-1.267705830885327600e+02,-9.160283163603192236e+01,-3.927724299363950422e+01,-9.660144580622823440e+00,4.601853180808873844e+01,-7.443717322814789839e+01,-9.158419309611234382e+01,4.356075691069729316e+01,-1.553936921557846631e+02,-1.774502292513807422e+00,-2.324521587654477344e+02,-1.673736231386251383e+00,-1.005840515230948142e+02,4.157976072321132932e+01,-6.596080687450796631e+01,4.475012251768583837e+01,-8.496210927163875226e+01,-1.247782997056666687e+01,6.719367908117833110e+01,-1.098710178464842357e+01,-1.085665346069937414e+02,8.915754917030967874e+01,-1.332392849779441768e+01,4.485452416141367848e+01,1.441220425341468392e+01,-3.231978121814297111e+01,2.120836845279960770e+01,2.555125295370890726e+00,-1.974152765583784497e+00,-2.664624612710280971e+01,-1.259153787297145755e+01,6.910198960387664613e+01,5.674434603433185487e+01,1.265735934838522354e+02,1.345547682278426116e+01,2.574022635399425241e+01,8.676642069039881733e+01,-2.234267412327129705e+02,-1.707533077302366280e+02
-1.369818559521994530e+02,-8.455300525513872856e+01,-1.523518507056332680e+02,-3.764387320727854558e+01,-2.671946506320797354e+01,-8.305737310437537602e+00,-5.477614724353006892e+01,1.588368131038683657e+02,-1.659740479678809777e+02,1.601485680253797028e+01,-1.309042444394780880e+01,3.926746960637554906e+01,-1.103798069501661558e+02,1.870322931277902967e+01,4.220009361149380567e+01,1.087239065784096965e+02,7.294855545201664881e+01,-1.339308409847716632e+02,-2.044559288916659412e+01,-1.228604729705772485e+02,-1.266995688574132259e+02,4.160661853680252875e+01,1.247963237816797744e+02,2.355449899696480998e+01,9.735028628559810215e+01,-7.728564890102565244e+01,-2.459125164942229347e+01,-5.699830088750671209e+00,5.701088954338367643e+01,7.187351726027156928e+01,-4.524688433203819216e+01,1.253365617450168372e+02,3.270329110637738523e+01,-4.091421296202166502e+01,1.606195846877029609e+01,1.273139472288496066e+01,9.556966958313869043e+01,-1.659276892364082698e+02,-1.053570242982239904e+02
-4.827885995832970423e+01,-5.349357314244643113e+00,-1.211399742769346517e+02,2.893007366183269369e+01,-1.627319624235962081e+01,1.104952544577631528e+02,4.226536032479245364e+01,2.431063113123131814e+02,-1.399491553260825185e+02,1.798839568282106782e+01,-9.716031860660849873e+01,1.567847037877438510e+01,-4.510161780954420863e+01,5.428509675187842731e+01,6.272954270259891985e+01,1.373322822270786219e+02,3.649104356087845957e+01,-1.869691009848860119e+02,-7.727894539807415697e+01,-1.590439438121758258e+02,1.518887807239098642e+01,7.507554537356195823e+00,1.631304164857223498e+02,6.619198992047898855e+01,8.782538640586879808e+01,-8.835277456222499382e+01,-4.414095536074301407e+01,-5.418535704272644082e+00,7.355224787725860836e+01,1.278598512165925598e+02,3.118890869118828846e+01,5.356930385983167042e+01,2.116305022118433499e+01,-2.211081255192322601e+02,1.744790405465699834e+01,-3.504130467337463983e+01,4.023811863130320887e+01,-1.513587640695199923e+02,-6.518740141783624154e+01
4.814187493792397987e+01,6.161313184569978318e+01,-5.261647045291023517e+01,1.060300830166773949e+02,2.015268668111971806e+01,1.850209520566568813e+02,9.560867270371912241e+01,2.620567439968343137e+02,-7.432808060468032352e+01,-9.161737650554385937e+00,-3.105620645218928075e+02,-7.184571514283524607e+01,1.586045167747610307e+01,6.535687328475761149e+01,9.440978914877423023e+00,1.432139380509056537e+02,-9.218618592064667894e+01,-1.519935634248379017e+02,-9.774363945581040980e+01,-1.294305599368450999e+02,1.479636786625263767e+02,-9.065103903842586242e-01,1.249984922011518194e+02,7.193009113649594610e+01,1.236662648430980127e+01,-7.709001276760140797e+01,-5.997911791362798795e+01,1.056631800310407598e+00,5.228277301092020224e+01,1.675760222169785436e+02,3.197286715663109646e+01,-1.326158292362025009e+02,5.010106661643379766e+01,-2.762274039136564170e+02,-1.538587453864170840e+00,-1.303414373124237784e+02,-3.706209484870245063e+01,-1.797226376022259728e+02,-6.310854562843766047e+01
8.685432432539678871e+01,8.915197328262063081e+01,-9.312679082208666159e+01,1.720835157836245628e+02,4.140659984931055249e+01,2.489660876244629719e+02,1.489066031538151549e+02,2.599717485825657945e+02,-7.790800428120988386e+00,-1.551709198053713479e+01,-3.418231002716514126e+02,-1.915887724134036887e+02,8.073292176335220915e+01,6.728532363377077274e+01,-7.304033165822386309e+01,1.328256895835493197e+02,-1.378878320981522450e+02,-1.361671573928293810e+02,-1.086677549641320439e+02,-1.232327062467333008e+02,1.313395275322530722e+02,-3.858759485369101583e+01,1.064923516537753727e+02,7.613262949231874188e+01,-2.661274632139755880e+01,-7.200168877052669814e+01,-7.879305465392256735e+01,1.855845620808360508e+01,5.120975721927081992e+01,1.664771486722551970e+02,-7.677259447517974422e+01,-1.826667656865551237e+02,4.890320512392178642e+01,-2.878857085402144094e+02,-1.456009258865661948e+01,-1.922775185981541028e+02,-6.505639934292017301e+01,-2.037554755864954927e+02,-7.640468796545803798e+01
1.302719359586758117e+02,1.051795113487973339e+02,-3.459380905950700225e+01,1.743863241656442256e+02,6.870539744847684460e+01,2.655061256289218932e+02,1.689687701084272078e+02,2.333845440128520181e+02,1.233895934666610543e+02,-2.144765580818677364e+01,-7.850857999699667289e+02,-2.948066036353874892e+02,1.163500925106738890e+02,9.828513639724478423e+01,-1.930883486687668551e+02,6.550601875649061867e+01,-4.903970160323989944e+02,-8.995381926971485598e+01,-1.847877897111812118e+01,-4.600826803438440749e+01,2.279353382606276170e+02,-1.631313379893279958e+01,-3.583215525815511171e+01,8.268584041381005534e+01,-1.659697477207300551e+02,-2.231669228085701917e+01,-3.454800673987156046e+01,9.881204275892558897e+00,-5.725292072259626508e+01,5.564171065362935309e+01,-1.058082081438901270e+02,-2.993177868549478831e+02,6.738622587802568376e+01,-2.659349478025982307e+02,-1.141324671311047112e+01,-1.487989729097664906e+02,-5.550168066944777934e+01,-1.485703639387842827e+02,-3.022802281114351075e+01
1.272482013039784192e+02,8.239631619673961893e+01,-7.004810300855990590e+01,1.537723335115549901e+02,3.453096631153235307e+01,2.766558001458025160e+02,1.459109648482287582e+02,1.984082645746860294e+02,2.009644377884905850e+02,9.010131080206096321e-02,-9.495063083765319334e+02,-2.618152248517908447e+02,5.643446459033850005e+01,1.224371021057667974e+02,-2.000394262369902378e+02,3.069047469637678205e+01,-6.602544769143892154e+02,-8.977072455886117552e+01,3.305429578978945671e+01,-1.073502196571169947e+02,1.520300018309481800e+02,-5.726612421544764686e+01,-9.924454723914611520e+01,8.686179132267737657e+01,-2.007258190010783778e+02,1.840130405745336972e+01,3.117631810912002166e+01,1.024575321594418931e+01,-1.186065943266111731e+02,-1.585485915817370994e+01,-6.851830764029753595e+01,-2.714269328496679918e+02,3.688051893249460988e+01,-2.655991635503917223e+02,1.552615554252856533e+01,-8.319879933902504021e+00,-1.455517659050750723e+01,-4.317101912000939024e+01,3.725547504913132713e+01
9.859279473007495653e+01,6.418449749254084225e+01,-1.546701148079769439e+02,1.150864577645400146e+02,-3.276649570264983424e+01,2.767047185082848841e+02,7.240812161621197163e+01,1.786372281803211308e+02,2.151090456480965827e+02,4.685026509899063996e+00,-6.708994171913042237e+02,-1.151725500971813574e+02,-4.946524087218756449e+01,9.539304927449302340e+01,-9.387082299740224300e+01,3.949936252963139882e+00,-4.866196628543945053e+02,-1.574925713032181420e+02,-2.730147000283071534e+01,-2.560800743486475426e+02,-3.683112322798237415e+01,-1.560471844588183501e+02,-3.084541341303706474e+01,1.030540348502708241e+02,-8.246977949116245554e+01,4.762821304759452801e+01,7.949068173005744598e+01,-1.449540692653200402e+01,-1.135945131467111509e+02,2.025385200156205912e+01,-4.291139927537493293e+01,-1.381211781499228550e+02,-1.834488070639357460e+01,-2.556490596397227932e+02,5.575351028385887986e+01,1.309775025805318194e+02,3.224609578871134374e+01,4.556799238388369844e+01,1.065482425954474763e+02
1.154693535047873496e+02,7.182879925622300732e+01,-7.054218305789308374e+01,4.921867699318799083e+00,-9.093240982491519731e+01,1.797027798632406927e+02,-7.735934988921395927e+01,1.620324825558368502e+02,2.103063970098503717e+02,-2.551650633325886020e+01,-6.596509123145584681e+02,2.616051429553388274e+01,-1.051324356828060047e+02,3.202456949845893774e+01,-6.246572110930448218e+01,-7.316781784827776391e+01,-4.782720786290323076e+02,-1.193810114445595190e+02,-1.401009865080827765e+01,-1.522518586811748662e+02,2.502895241206621080e+01,-9.917696700593801040e+01,-5.331617353850548113e+01,9.813785684835917777e+01,-4.880776970692871686e+01,8.907653642732800847e+01,1.104982096115816006e+02,-8.196021045408113537e+01,-1.464275033204661725e+02,8.008511412089620762e+01,1.327879708474314580e+00,-1.647124940330619154e+02,-1.292322046626864207e+01,-1.638294055735558459e+02,7.439397911162723176e+01,1.736434283339175977e+02,5.201569443372490298e+01,5.736272812384102338e+01,1.481370043044823035e+02
1.080153655202613834e+02,5.605855576914398597e+01,-5.598270692830993056e+01,-6.359672357063167425e+01,-1.480430660788707371e+02,6.697377332151641838e+01,-2.107808672786430293e+02,1.473474261371100624e+02,1.522751247399244221e+02,-4.133825509861522107e+01,-3.701605757392231908e+02,1.324902885701960429e+02,-1.134112721693761472e+02,-4.667435190648147625e+01,-5.221101593483374614e+01,-1.041786871796014680e+02,-2.928467251577210391e+02,-4.681262763965786178e+01,-1.274316640002075829e+01,-1.750334734065672393e+01,4.267576125517872754e+01,-3.427240124293322765e+01,-2.157700838091669482e+01,7.114545960120281620e+01,1.726230741608629060e+01,7.841104890439135033e+01,8.178579748883682043e+01,-1.112915236331713515e+02,-9.004167802685104505e+01,1.527540517190187188e+02,-5.404307970868246969e+01,-1.207972607139085568e+02,-1.016960101803559269e+01,-9.778174861988613031e+01,7.182164233371133832e+01,9.873816324615721385e+01,7.761856608106216981e+01,3.527840769107467622e+01,1.453516277172869593e+02
7.517824094984470662e+01,1.961793025918921174e+01,6.213892392665053777e+00,-1.318299634079900784e+02,-1.415023336828680840e+02,-5.901550899237849990e+01,-2.678404180226384597e+02,1.464895685420199243e+02,4.939891543586910672e+01,5.981379600395564822e+00,-4.658347961908650632e+02,1.486991077678970044e+02,-5.520957510467273011e+01,-6.995606207742277149e+01,-1.035852734333785463e+02,-8.924654147295490247e+01,-3.982347608519417008e+02,1.244509309200223726e+02,1.060983473336716685e+02,2.430446360244666266e+02,1.773471891858500271e+02,9.662277987069511198e+01,-1.128789586269755745e+02,2.591052071599991535e+01,-6.561374188327781098e+01,3.783723939823565363e+00,1.246454716598380585e+00,-1.338884677310804534e+02,-6.277171149124728800e+01,1.072251506146882747e+02,-1.221653514320478564e+02,-1.450514060292920249e+02,4.207657527980293111e+01,-6.434500566233522179e+00,5.059240620088031193e+01,-2.690352554044344657e+01,8.713067609261923963e+01,-1.964731690504425998e+01,7.534921044724276840e+01
8.175432475078078198e+01,1.760556854209919919e+01,-1.043613163618322659e+02,-4.935205895880177707e+01,-1.511894657405233602e+02,-7.279584492791279615e+01,-1.817437189234148605e+02,8.489731036182213586e+01,7.280375106692601150e+01,7.506565667365833860e+01,-2.380829034729272564e+02,2.015212328011331522e+02,-2.020203606190662171e+01,9.420998655457333726e+00,-2.477088881772360196e+01,-3.484553256978587754e+00,-2.452588306064041035e+02,1.899211222759119551e+02,1.238440660550090797e+02,1.525077077589995724e+02,1.785170083236107530e+01,1.983357933553270414e+01,-1.384654177751527868e+02,3.018682509994103924e+01,-8.492205703569698017e+01,-5.016774242012134977e+01,-2.322292826260326848e+01,-9.992796980189368128e+01,-9.178595532308844174e-01,8.313060425423179467e+00,-1.674747177609661719e+02,-1.802298461943773411e+00,1.054005765335030631e+01,-8.962878536471778546e+01,5.427966449989691711e+01,-8.032650213176114562e+01,1.230015958320792038e+02,1.216051675775463963e+02,1.012810023489346065e+02
4.161945938874345075e+01,8.390167479045194554e+00,-1.407298939758779284e+02,-1.072915262338244986e+02,-1.265791045258644942e+02,-1.301381329565918179e+02,-8.817090572093309220e+01,6.050280073347894216e+01,1.855483367208038459e+01,1.841398778435504937e+02,-5.002029792423674621e+02,2.030044762293593692e+02,2.730341639671972231e+01,7.675865556982097360e+01,6.250844789498115261e+01,8.599116593351936899e+01,-4.042969506113964826e+02,3.320890858286155094e+02,2.584566654853101682e+02,2.123590330736540182e+02,-2.769972974315033198e+01,6.135576568002518627e+01,-2.878673221555230839e+02,-5.493184401007381368e+00,-2.288911155604434668e+02,-1.263734132658061640e+02,-7.784994922261920181e+01,-1.406029192704477566e+02,-3.697322214663589079e+01,-1.089287463772811577e+02,-1.645658141615552381e+02,1.195659664617480900e+01,3.963200495647613764e+01,2.099330664614488384e+01,3.977421241729002332e+01,-9.124391759451454220e+01,9.663574357623626554e+01,1.356338937688939552e+02,3.430851525614858133e+01
-1.372300399988564124e+01,1.597009285013590851e+00,-3.561945094281921911e+02,-1.322972140112886450e+02,-1.552284993635941532e+02,-1.368772919182565602e+02,-8.340095693532074250e+00,3.244488919154568407e+01,-3.271682952942455103e+01,2.365704806576544854e+02,-9.172235108523656777e+01,2.250763812215996325e+02,2.853246008035056747e+01,7.675176365103854437e+01,2.438544815101695065e+02,1.854534930798233745e+02,-5.264222034841662179e+01,3.470115493432659264e+02,2.430111846260850541e+02,5.237481786285041352e+01,-3.212216065034613734e+02,1.336290196045066914e+01,-2.221013179830893023e+02,-3.913893503296917231e+01,-1.670790115015862511e+02,-1.578334448815115252e+02,-1.043575901245678921e+02,-1.596932510094569295e+02,1.257406020067453412e+01,-9.010662241479711554e+01,-1.853680550340630475e+02,1.722360560536664593e+02,-4.781841935875027261e+00,9.136422831978880765e+01,2.412802829425516293e+01,-8.585545039217036845e+01,6.453184585517253424e+01,1.361963578700392929e+02,-3.327018378390986353e+00
4.635395685060059279e+00,-2.209571967500842504e+00,-3.962694438503729657e+02,-1.797929104265209901e+02,-1.812894086189094764e+02,-1.843021345050059381e+02,-1.957454947033431125e+01,-8.605207585404368587e+00,-5.078511043971015937e+01,2.081626934362822681e+02,-4.547016027650539627e+01,1.835849504054345118e+02,3.452396690282381542e+01,4.762070783865074475e+01,2.584916333817939176e+02,2.029086771616714486e+02,3.869863750684865522e+01,4.218722318353325704e+02,3.161822624331713314e+02,8.130672893268500445e+01,-3.261857595813235093e+02,1.351579515128370588e+02,-2.165555736462873710e+02,-8.633397255949414273e+01,-1.875305231462518520e+02,-1.013831534028884676e+02,-6.203547317694858521e+01,-1.552047906285880288e+02,8.089942194246017237e+00,-6.535833752598038870e+01,-5.526432199431431513e+01,1.264321622519982071e+02,-1.806189350655642301e+01,1.474721795287806287e+02,-1.179784882463507856e+01,-1.028387520671300877e+02,4.645966573780508924e+00,7.211252200748373298e+01,-2.397002897386320797e+01
7.637067074277725354e+00,-1.777081884470300821e+01,-5.220008162503838776e+02,-1.555822187248310229e+02,-2.611973599893009350e+02,-1.695270436555877325e+02,-2.130970622820859006e+01,-4.488589496859534478e+01,-7.273070614039818338e+01,1.468764572377107243e+02,3.422842662814541086e+02,1.802906572609269631e+02,2.562015281532274713e+01,1.080925839041502634e+01,3.122329152596784070e+02,2.226760273211540380e+02,3.292002186080898127e+02,3.452121864961842448e+02,2.248649078806387251e+02,-5.791330629388682638e+01,-4.732197090096565262e+02,1.094799256514133390e+02,-3.122468974385645168e+01,-8.713880881791774868e+01,-7.517645736167622772e+01,-5.328333264437226546e+01,-4.514851819315257586e+01,-8.151624195297038966e+01,1.004407486099056968e+02,2.683410351549594353e+01,-7.544012339119613841e+01,2.274166849742974534e+02,-4.389602580370774376e+01,6.132137018273587614e+01,-2.683069576318187544e+00,-1.163423622625474110e+02,-1.834867178313595915e+00,4.983810746709599471e+01,-4.815293066905068642e+00
2.905476384022593805e+01,-1.295950802492649778e+01,-2.570534581980394933e+02,-1.914651573089699923e+02,-2.186279190971814614e+02,-1.896427737146194943e+02,-3.858988791789509776e+01,-3.915868787327151779e+01,-5.737312204739841803e+01,6.397780908185624327e+01,-1.176068353568329741e+02,9.902365307441911568e+01,1.735039612480740345e+01,1.763336944636442194e+00,1.915422375834426418e+02,1.260137182423895865e+02,1.087334438406318071e+01,2.717647061780648983e+02,1.955090938915504637e+02,8.314305748034313126e+01,-1.455979974968745694e+02,1.691230961860941875e+02,-4.886679470810002357e+01,-6.669422255172958103e+01,-1.452892532631042570e+02,-2.005733889924103863e+01,-4.425864545340097322e+01,-6.911234883206985558e+01,2.934630624178745251e+01,-3.450183201328344040e+01,-4.044083975587034274e+01,4.153165837981786979e+01,5.002901476680625592e+01,6.674372067132159714e+01,1.221121875754266739e+01,-1.194700537894049717e+02,-2.579082936944811877e+01,-1.221530828544219105e+01,-4.299840496887638253e+00
3.046990571193698472e+01,-4.201587294096333025e+00,7.810895102714291660e+00,-2.269053684469022585e+02,-1.932058688543168898e+02,-1.886624798998801111e+02,-3.742609062389128383e+01,-7.318636746946435068e+00,-1.682910201821345808e+01,1.680690173158264500e+01,-3.651812380737446802e+02,5.454933749702602341e+01,-5.097613864566930175e+01,6.907987996879461079e-02,8.137997024715355110e+01,1.067668895300692888e+01,-1.928719270041285938e+02,1.008064442414871564e+02,8.787867405085572159e+01,1.692208472144592406e+02,1.168191732615466947e+02,1.267671295537130334e+02,-5.782962151101775561e+01,-4.479089504597948235e+01,-1.381074199214074838e+02,-2.623491959086889125e+01,-5.337353433827183125e+01,-6.842052582546540407e+01,-1.975638598514142785e+01,-1.124250043251232825e+02,-2.481276890732079821e+01,-2.777881068968133604e+01,1.085801940814305766e+02,6.838030543421174912e+01,3.945947280262822687e+01,-7.270497795418083342e+01,-2.444043474385117420e+01,-2.716741257283390709e+01,-1.618521937259031596e+00
2.798695591654563941e+01,3.531321802777568308e+01,6.395328529882049651e+01,-2.071973687575802217e+02,-2.054866906579925683e+02,-1.265220696452245051e+02,1.611488391299760181e+01,7.016162807510113453e+01,4.445773767378634034e+01,-2.192718512291434330e+00,1.187301575148435262e+02,4.077384501255691163e+01,-1.173199766243249655e+02,-1.815353489520222396e+01,5.148648829591363807e+01,-8.300663997577203190e+01,1.041893827415149332e+02,-1.748246280409563269e+02,-1.234352620632864017e+02,7.009650957459949439e+01,1.088442494989350422e+02,-3.633133119214330975e+01,6.081937822725456755e+01,-1.101700965254963904e+01,6.474812855103826337e+01,-3.576546019309289193e+01,-4.388176244857751840e+01,-6.545947979990108934e+01,3.159471496190052875e+01,-1.277754092423892445e+02,-4.483004320918573171e+01,1.492340391086991929e+02,5.659870271545302955e+01,-2.380226384846494980e+01,6.764093206079905940e+01,-5.947833093713272845e+00,6.934827214494040604e+00,1.486649547512811154e+01,3.290003250304428661e+01
3.553885940303131719e+01,6.772074023858340297e+01,5.480933453656349030e+01,-2.289817697282740880e+02,-2.052666072393085983e+02,-1.148961969228398345e+02,2.315609084574017373e+01,1.747174585250243126e+02,6.421811727297847483e+01,-1.174878887837708596e+01,4.137521280822368794e+02,-7.421966617367922403e+00,-1.302477237820426694e+02,-7.763855239592531632e+01,2.983160236651938746e+01,-1.161200280180481172e+02,2.741841118242494986e+02,-2.740836736915185838e+02,-1.838649352770870564e+02,4.482272665335170103e+01,9.062645043324666005e+01,-6.799222209485162693e+01,9.681368516707829031e+01,-5.673997684386922202e+01,1.733584533855684526e+02,-2.210191558314284066e+01,-2.520719782807714893e+01,-7.652460184102704943e+01,6.139221376516130846e+01,-8.791102841855641259e+01,-6.692833870180685096e+01,1.701244465084330670e+02,4.540200563810701340e+01,-7.464230731875358060e+01,5.811433191431035539e+01,6.371755435625481745e+00,6.401436354626881098e+00,7.299798259827026570e+00,4.684423433384384339e+01
1.233050442899089347e+02,1.187618606227511577e+02,9.430671982827354327e+01,-1.620096261565789746e+02,-9.969461238377985524e+01,-8.697701473926646543e+01,2.487941236548001811e+01,2.135281465235622136e+02,1.344421015549019955e+02,-5.473960257903045346e+01,2.184762873216476748e+02,-9.172738125694192490e+01,-5.783955246435647979e+01,-8.545071651806621560e+01,-2.910244182763382526e+01,-1.018599991057784564e+02,1.441345254433692276e+02,-1.937926796541468377e+02,-8.604216190899889227e+01,2.237524543124958498e+01,1.607655304394525047e+02,-5.812524775340124350e+00,8.078637714420382920e+00,-1.008685317355063518e+02,9.833458666085894606e+01,6.900589334271221276e+01,5.382928089512701320e+01,-5.919294948032217007e+01,2.250306051764410498e+01,-6.958515855745125123e+01,2.383236680468951718e+01,-5.992411974939091834e+01,6.507939270544304122e+01,-1.759721485238455045e+02,2.373683413207072590e+01,-1.538479805620871943e+01,-2.583539910703364129e+01,3.489914290570669664e+01,1.005625737025224282e+02
1.659223371015009718e+02,1.301299550835433934e+02,9.817791366119686813e+01,-4.586410860169672787e+01,6.863677415325199149e+01,-1.689827235953026019e+01,3.300499269449855433e+01,1.539126635215146166e+02,1.604468290459872719e+02,-8.329020988384428392e+01,-1.223101647771630383e+02,-1.347201824932749616e+02,3.389762865123134361e+01,-4.251352474215909893e+01,-2.725496125397300062e+01,-1.838890971973643218e+01,-6.338294137849121057e+01,-6.829780773243891190e+01,1.929530146093045317e+01,-1.010048545013167853e+02,1.159394985374234466e+02,-3.806460289695082988e+00,-7.361168676064198735e+01,-1.157414777573380178e+02,-4.924684469029995881e+01,1.337635439659867131e+02,8.567087826937088835e+01,-1.588559477235714468e+01,3.610286192619602819e-01,-1.931919774121062972e+01,7.935667225659976509e+01,-2.692687941491998345e+02,8.345616396670922654e+01,-2.232660534083896948e+02,-7.445477867200365196e-01,-1.155982682805539241e+01,-5.706008153828417306e+01,6.466588579289803818e+01,1.198616989325153384e+02
1.195696185488938710e+02,8.382015797996081119e+01,1.055039817983479224e+02,1.590953450459942076e+00,1.858945127669711042e+02,3.649387164250063620e+01,2.318532262907844199e-01,-1.247968583137300413e+01,1.518469933860856997e+02,-9.185967301419908893e+01,-3.733746595478289123e+02,-9.585577638483989915e+01,4.736944875848445946e+01,1.751430746646502357e+01,2.881098279423497388e+01,5.306870607841813126e+01,-2.115603605801155425e+02,-1.344623370543059693e+00,4.404199609029763707e+01,-2.375360099809845167e+02,-2.334142823348025786e+01,-7.753315530988977855e+01,-1.155384382768175442e+02,-1.148862748667342544e+02,-1.860538474071663302e+02,1.389134880299676809e+02,5.116587684741000430e+01,1.451827272712062289e+01,4.253798826718239390e+00,7.303815131595929699e+01,7.792531781627704390e+01,-2.932393749469400177e+02,7.193654516026808210e+01,-1.122853741189261854e+02,-1.105471511793556516e+00,7.398568243506881004e+01,-6.007589770572997168e+01,9.566695594936264513e+01,9.493958568674727871e+01
3.316906908425728062e+01,2.167321338524612884e+01,1.160441815759506312e+02,-2.442378629674250590e+01,1.695047776954704091e+02,5.504845248457222340e+01,-6.181441510926483573e+01,-2.259639070285881530e+02,1.658933715113990388e+02,-1.044827685925762637e+02,-1.541914286714516891e+02,-5.393407686055714301e+00,-2.541367013692313037e+01,6.375119568538693215e+01,7.538752476125009139e+01,2.584755777364375717e+01,-5.803893563698549229e+01,-7.323410289303096476e+01,-5.623734108484485006e+01,-3.118743227521307517e+02,-1.714555540923382466e+02,-1.842197151885882249e+02,-5.934273370006957293e+01,-8.429220016454172537e+01,-1.779776795492970791e+02,1.268135779819871942e+02,2.345985438490085428e+01,3.325646861228374007e+01,4.947954779203726616e+01,1.716095682224164989e+02,9.806047242816931941e+01,-4.242529985905800771e+01,-2.357936894217599644e+01,5.558760927707949406e+01,1.864414876082394912e+01,2.289156605910476401e+02,-1.647760173971557052e+01,1.617658326811042855e+02,8.689368846284710912e+01
-3.496307011398079112e+01,-2.346711628330712074e+01,1.737521189338858392e+02,-1.266463132494982347e+02,3.371296604187838852e+01,-7.389268938685177091e+00,-1.452606112260719158e+02,-3.759883398092530911e+02,1.887091840010525914e+02,-1.340603394938008250e+02,1.753014014272985150e+02,5.803897306913579257e+01,-1.108245296916192899e+02,6.050781839496233516e+01,6.110428580710260604e+01,-9.017817138369497343e+01,1.443562305883266959e+02,-1.660167650763534652e+02,-1.569655473290656005e+02,-1.877270624097933762e+02,-1.466148582624666687e+02,-1.785499505989269267e+02,1.323620952366792203e+01,-6.342824813364933334e+01,-9.574657841127883273e+01,1.343737633273435677e+02,4.139225388980428022e+01,4.233554043382575571e+01,6.304128285665071019e+01,2.146705467927950508e+02,1.397664898538534999e+02,2.058006385830162230e+02,-1.037855811404519244e+02,1.953368431125397819e+02,3.570985144569316816e+01,3.466946285959130591e+02,3.764253083518195098e+01,2.289602973308685421e+02,1.165443835198771865e+02
-1.233725268630025056e+02,-9.882708662820510881e+01,2.281543719940201242e+02,-2.367543261031844679e+02,-9.532157089874637279e+01,-1.444170824501826189e+02,-2.512758881330802296e+02,-3.888699886298978754e+02,1.068699036209077349e+02,-1.590989003565680378e+02,3.291619142960798854e+02,4.983189809489827837e+01,-1.897890602366682629e+02,-4.023693411393328745e+01,2.143558076073891527e+01,-1.493265342324286280e+02,2.196024525814317485e+02,-1.286183887633739289e+02,-1.637399908213607489e+02,6.450155992230985191e+01,-1.604943872219754653e+00,-3.467699201167462775e+01,6.791146706702738811e+01,-1.353265041548038710e+02,-1.194581370620063510e+01,1.195264136115575155e+02,5.240345124992570192e+01,7.167427875432882445e+01,2.869616813638401354e+01,1.978093140197383377e+02,1.154182195975897542e+02,1.502861683072583219e+02,-5.386475274437184169e+01,3.133541652616223132e+02,7.421344756269656173e+00,2.955139743739546248e+02,3.397831884749011522e+01,2.008470524466218876e+02,1.093251833130679245e+02
-9.152206192335826529e+01,-8.452452560915975255e+01,1.773395206543905829e+02,-1.465705788926071591e+02,-1.411532953605654654e+02,-1.524509073593218602e+02,-1.812002376055834247e+02,-2.984590297988555108e+02,5.982908965043386473e+01,-1.411075226845017312e+02,3.425691205728224418e+02,2.839961649530194165e+01,-1.130365603245793551e+02,-5.522554604980767579e+01,1.301485295056739488e+00,-1.350596202180849446e+02,2.160834517193438558e+02,-8.091984287822486976e+01,-1.252797424912530886e+02,1.377202053551059748e+02,6.614484894448858654e+01,3.442190880140604747e+01,1.086533848175899948e+02,-1.117114613664495550e+02,6.835407046575194556e+01,1.358677378163920082e+02,1.030160371940148991e+02,1.483533925901903388e+02,-9.186722750512689828e+00,9.528698611406255736e+01,8.104503055332676809e+01,9.670460366578225830e+00,-1.191263338138383432e+01,1.369392635497105175e+02,-6.590636739963094293e+00,1.644650836124678790e+02,2.326270414285583144e+01,2.229488840564293355e+02,1.453135336801066444e+02
-5.598493531866070683e+00,-4.205697623227950999e+01,1.087053057371541627e+02,3.957558425124248203e+01,-6.120805755234025014e+01,-6.651991326631225832e+01,-1.925543304548535417e+01,-1.813079717740974104e+02,2.576393995742704845e+01,-6.938339068854547520e+01,1.047761825115888144e+02,1.253628196827968111e+01,2.561480908174376125e+01,-5.681391475999368446e+00,-2.313769434700800076e+01,-5.606619400885642790e+01,4.942220869089243962e+01,-1.447632842030373013e+00,-2.632289043281316054e+01,8.693103573127693551e+01,6.422972110035581750e+01,3.587660887726678993e+01,6.524904698701567440e+01,-5.019476051309466413e+01,5.859158314072259088e+01,1.377284331083323252e+02,1.296180382580008654e+02,2.107576893157656457e+02,-5.090545324572870101e+01,-1.689079996241648018e+01,7.889744427393527815e+01,-1.686329862026258866e+02,3.744208517720441165e+00,-8.665634481333435701e+01,-2.409864885952737978e+01,2.263870776614486147e+01,-5.342678250379971239e+00,2.069194346176318504e+02,1.288879016305923813e+02
3.598006206571433552e+01,-2.766549860976749287e+01,1.908523187587508971e+02,9.172623086636110656e+01,1.155110626824497189e+02,-1.774897950048136153e+01,8.108909867272024030e+01,-7.544639366542664050e+01,-1.842111462266704081e+01,-1.532427915977221833e+00,-4.743060201347025213e+02,-2.497290718425604439e+01,1.060385767131951980e+02,4.581277622766236846e+00,-7.047687836406640827e+01,5.814694347959799003e+00,-3.462049702306070458e+02,1.072096245952896538e+02,1.035903419411319817e+02,1.302376404348746064e+02,1.670096654224466590e+02,6.711756213621676181e+01,-9.154986647486072115e+01,-4.627670186292458254e+01,-9.632304101233016524e+01,9.812195222259708771e+01,7.711365040869004872e+01,1.534579102845188174e+02,-1.455786013879410348e+02,-5.576968480961611618e+01,7.528990132456141282e+01,-4.156741579816053331e+02,6.025897162248759287e+01,-4.099080417183390068e+01,-5.715724204213785953e+01,-8.087004757715479286e+01,-5.568788396574845478e+01,5.665862688429937322e+01,1.074192952535033996e+01
3.316615276005604329e+01,-4.315723796517153232e+01,1.756891125449195385e+02,9.452596005707486881e+01,2.097724675581491169e+02,3.861262330431164713e+01,1.343825813651945964e+02,-3.001253042030289109e+01,-4.369322417678052517e+01,4.087687217143989926e+01,-4.142330902647044013e+02,-1.718833705304713533e+01,8.272027310445002968e+01,-1.477516332239002494e+01,-6.461394400902389634e+01,5.399997264943152686e+01,-3.334355083841997498e+02,9.346859986225885564e+01,9.603449402757594555e+01,5.644826827365334054e+01,8.838540129418363733e+01,7.680279555187921936e+00,-1.027745585198758818e+02,-5.775740442430087995e+01,-1.297196562942875460e+02,5.447017022684894272e+01,2.601532236310353952e+01,8.821998785775511465e+01,-1.165309016878981083e+02,4.078618765446061900e+01,9.928121313420290051e+01,-3.513893180147044291e+02,1.481304362465112234e+01,4.975749338521421805e+01,-7.085986638479376154e+01,-8.347379575040338295e+01,-5.514921935798324881e+01,-8.061013845685246793e+01,-1.020184769389021824e+02
